

     1  0.0000             1         1         1
     2  0.0000             1         2         2
     3  0.0000             1         3         3
     4 0.25422E-03         1         4         4
     5 0.47837E-03         1         5         5
     6 0.91575E-03         1         6         6
     7  3747.6             1         7         7
     8  5064.6             1         8         8
     9  5670.2             1         9         9
    10  5938.0             1        10        10
    11  6185.4             1        11        11
    12  6516.0             1        12        12
    13  6604.7             1        13        13
    14  6823.4             1        14        14
    15  6893.3             1        15        15
    16  6927.6             1        16        16
    17  7399.7             1        17        17
    18  7505.5             1        18        18
    19  7538.3             1        19        19
    20  8129.3             1        20        20
    21  8638.3             1        21        21
    22  9279.6             1        22        22
    23  9401.6             1        23        23
    24  9517.2             1        24        24
    25  9650.9             1        25        25
    26  9696.8             1        26        26
    27  9953.8             1        27        27
    28  9963.0             1        28        28
    29  9987.4             1        29        29
    30  10021.             1        30        30
    31  10271.             1        31        31
    32  10614.             1        32        32
    33  10661.             1        33        33
    34  10664.             1        34        34
    35  10702.             1        35        35
    36  10731.             1        36        36
    37  11229.             1        37        37
    38  11260.             1        38        38
    39  11695.             1        39        39
    40  11763.             1        40        40
    41  11845.             1        41        41
    42  11979.             1        42        42
    43  12220.             1        43        43
    44  12442.             1        44        44
    45  12590.             1        45        45
    46  12704.             1        46        46
    47  12708.             1        47        47
    48  12784.             1        48        48
    49  12930.             1        49        49
    50  12986.             1        50        50
    51  13151.             1        51        51
    52  13403.             1        52        52
    53  13439.             1        53        53
    54  13478.             1        54        54
    55  13493.             1        55        55
    56  13632.             1        56        56
    57  14041.             1        57        57
    58  14321.             1        58        58
    59  14372.             1        59        59
    60  14398.             1        60        60
    61  14820.             1        61        61
    62  14916.             1        62        62
    63  15025.             1        63        63
    64  15188.             1        64        64
    65  15212.             1        65        65
    66  15269.             1        66        66
    67  15276.             1        67        67
    68  15441.             1        68        68
    69  15449.             1        69        69
    70  15598.             1        70        70
    71  15607.             1        71        71
    72  15711.             1        72        72
    73  15993.             1        73        73
    74  16078.             1        74        74
    75  16162.             1        75        75
    76  16345.             1        76        76
    77  16352.             1        77        77
    78  16420.             1        78        78
    79  16518.             1        79        79
    80  16524.             1        80        80
    81  16710.             1        81        81
    82  16736.             1        82        82
    83  16974.             1        83        83
    84  17052.             1        84        84
    85  17104.             1        85        85
    86  17255.             1        86        86
    87  17349.             1        87        87
    88  17570.             1        88        88
    89  17571.             1        89        89
    90  17824.             1        90        90
    91  17880.             1        91        91
    92  17913.             1        92        92
    93  17987.             1        93        93
    94  18015.             1        94        94
    95  18065.             1        95        95
    96  18180.             1        96        96
    97  18262.             1        97        97
    98  18319.             1        98        98
    99  18373.             1        99        99
   100  18530.             1       100       100

