 
    1.0000       -1.09624E-05     0.0000
    2.0000       -2.62112E-06     0.0000
    3.0000       -1.07588E-06     0.0000
    4.0000       -5.32967E-07     0.0000
    5.0000       -2.79182E-07     0.0000
    6.0000       -1.38459E-07     0.0000
    7.0000       -5.03305E-08     0.0000
    8.0000        1.06566E-08     0.0000
    9.0000        5.69218E-08     0.0000
    10.000        9.53708E-08     0.0000
    11.000        1.30454E-07     0.0000
    12.000        1.65675E-07     0.0000
    13.000        2.04626E-07     0.0000
    14.000        2.52198E-07     0.0000
    15.000        3.17001E-07     0.0000
    16.000        4.18340E-07     0.0000
    17.000        6.15100E-07     0.0000
    18.000        1.23398E-06     0.0000
    19.000       -6.94881E-06     0.0000
    20.000       -6.69188E-07     0.0000
    21.000       -2.07531E-07     0.0000
    22.000        7.31923E-08     0.0000
    23.000        6.80331E-07     0.0000
    24.000       -3.21395E-06     0.0000
    25.000       -6.43228E-07     0.0000
    26.000       -3.96828E-07     0.0000
    27.000       -2.93777E-07     0.0000
    28.000       -2.34825E-07     0.0000
    29.000       -1.95641E-07     0.0000
    30.000       -1.66784E-07     0.0000
    31.000       -1.27250E-07     0.0000
    32.000       -1.33317E-07     0.0000
    33.000       -1.18502E-07     0.0000
    34.000       -1.06906E-07     0.0000
    35.000       -9.72803E-08     0.0000
    36.000       -8.91101E-08     0.0000
    37.000       -8.20735E-08     0.0000
    38.000       -7.59452E-08     0.0000
    39.000       -7.05588E-08     0.0000
    40.000       -6.57876E-08     0.0000
    41.000       -6.15327E-08     0.0000
    42.000       -5.77157E-08     0.0000
    43.000       -5.42735E-08     0.0000
    44.000       -5.11544E-08     0.0000
    45.000       -4.83159E-08     0.0000
    46.000       -4.57226E-08     0.0000
    47.000       -4.33448E-08     0.0000
    48.000       -4.11572E-08     0.0000
    49.000       -3.91383E-08     0.0000
    50.000       -3.72697E-08     0.0000
    51.000       -3.55353E-08     0.0000
    52.000       -3.39213E-08     0.0000
    53.000       -3.24155E-08     0.0000
    54.000       -3.10071E-08     0.0000
    55.000       -2.96866E-08     0.0000
    56.000       -2.84451E-08     0.0000
    57.000       -2.72738E-08     0.0000
    58.000       -2.61574E-08     0.0000
    59.000       -2.52224E-08     0.0000
    60.000       -2.41688E-08     0.0000
    61.000       -2.32224E-08     0.0000
    62.000       -2.23244E-08     0.0000
    63.000       -2.14674E-08     0.0000
    64.000       -2.06463E-08     0.0000
    65.000       -1.98568E-08     0.0000
    66.000       -1.90947E-08     0.0000
    67.000       -1.83560E-08     0.0000
    68.000       -1.76362E-08     0.0000
    69.000       -1.69310E-08     0.0000
    70.000       -1.62352E-08     0.0000
    71.000       -1.55431E-08     0.0000
    72.000       -1.48478E-08     0.0000
    73.000       -1.41409E-08     0.0000
    74.000       -1.34113E-08     0.0000
    75.000       -1.26439E-08     0.0000
    76.000       -1.18179E-08     0.0000
    77.000       -1.09015E-08     0.0000
    78.000       -9.84539E-09     0.0000
    79.000       -8.56571E-09     0.0000
    80.000       -6.90791E-09     0.0000
    81.000       -4.54996E-09     0.0000
    82.000       -6.88850E-10     0.0000
    83.000        7.39916E-09     0.0000
    84.000        3.86782E-08     0.0000
    85.000       -1.18208E-07     0.0000
    86.000       -3.86378E-08     0.0000
    87.000       -2.71561E-08     0.0000
    88.000       -2.23762E-08     0.0000
    89.000       -1.98400E-08     0.0000
    90.000       -1.80731E-08     0.0000
    91.000       -1.68114E-08     0.0000
    92.000       -1.58420E-08     0.0000
    93.000       -1.50612E-08     0.0000
    94.000       -1.44101E-08     0.0000
    95.000       -1.38526E-08     0.0000
    96.000       -1.33653E-08     0.0000
    97.000       -1.29322E-08     0.0000
    98.000       -1.25419E-08     0.0000
    99.000       -1.21858E-08     0.0000
    100.00       -1.18561E-08     0.0000
    101.00       -1.15421E-08     0.0000
    102.00       -1.11771E-08     0.0000
    103.00       -1.11386E-08     0.0000
    104.00       -1.08353E-08     0.0000
    105.00       -1.05934E-08     0.0000
    106.00       -1.03716E-08     0.0000
    107.00       -1.01638E-08     0.0000
    108.00       -9.96750E-09     0.0000
    109.00       -9.78125E-09     0.0000
    110.00       -9.60399E-09     0.0000
    111.00       -9.43489E-09     0.0000
    112.00       -9.27328E-09     0.0000
    113.00       -9.11856E-09     0.0000
    114.00       -8.97026E-09     0.0000
    115.00       -8.82791E-09     0.0000
    116.00       -8.69114E-09     0.0000
    117.00       -8.55960E-09     0.0000
    118.00       -8.43297E-09     0.0000
    119.00       -8.31099E-09     0.0000
    120.00       -8.19338E-09     0.0000
    121.00       -8.07993E-09     0.0000
    122.00       -7.97042E-09     0.0000
    123.00       -7.86465E-09     0.0000
    124.00       -7.76244E-09     0.0000
    125.00       -7.66363E-09     0.0000
    126.00       -7.56807E-09     0.0000
    127.00       -7.47561E-09     0.0000
    128.00       -7.38612E-09     0.0000
    129.00       -7.29948E-09     0.0000
    130.00       -7.21558E-09     0.0000
    131.00       -7.13430E-09     0.0000
    132.00       -7.05554E-09     0.0000
    133.00       -6.97921E-09     0.0000
    134.00       -6.90522E-09     0.0000
    135.00       -6.83349E-09     0.0000
    136.00       -6.76394E-09     0.0000
    137.00       -6.69649E-09     0.0000
    138.00       -6.63108E-09     0.0000
    139.00       -6.56763E-09     0.0000
    140.00       -6.50608E-09     0.0000
    141.00       -6.44638E-09     0.0000
    142.00       -6.38846E-09     0.0000
    143.00       -6.33228E-09     0.0000
    144.00       -6.27779E-09     0.0000
    145.00       -6.22493E-09     0.0000
    146.00       -6.17366E-09     0.0000
    147.00       -6.12393E-09     0.0000
    148.00       -6.07571E-09     0.0000
    149.00       -6.02896E-09     0.0000
    150.00       -5.98363E-09     0.0000
    151.00       -5.93970E-09     0.0000
    152.00       -5.89712E-09     0.0000
    153.00       -5.85588E-09     0.0000
    154.00       -5.81593E-09     0.0000
    155.00       -5.77725E-09     0.0000
    156.00       -5.73981E-09     0.0000
    157.00       -5.70359E-09     0.0000
    158.00       -5.66856E-09     0.0000
    159.00       -5.63472E-09     0.0000
    160.00       -5.60205E-09     0.0000
    161.00       -5.57073E-09     0.0000
    162.00       -5.53884E-09     0.0000
    163.00       -5.51006E-09     0.0000
    164.00       -5.48179E-09     0.0000
    165.00       -5.45450E-09     0.0000
    166.00       -5.42823E-09     0.0000
    167.00       -5.40296E-09     0.0000
    168.00       -5.37869E-09     0.0000
    169.00       -5.35541E-09     0.0000
    170.00       -5.33310E-09     0.0000
    171.00       -5.31175E-09     0.0000
    172.00       -5.29135E-09     0.0000
    173.00       -5.27190E-09     0.0000
    174.00       -5.25338E-09     0.0000
    175.00       -5.23579E-09     0.0000
    176.00       -5.21912E-09     0.0000
    177.00       -5.20335E-09     0.0000
    178.00       -5.18847E-09     0.0000
    179.00       -5.17453E-09     0.0000
    180.00       -5.16147E-09     0.0000
    181.00       -5.14930E-09     0.0000
    182.00       -5.13802E-09     0.0000
    183.00       -5.12763E-09     0.0000
    184.00       -5.11812E-09     0.0000
    185.00       -5.10950E-09     0.0000
    186.00       -5.10177E-09     0.0000
    187.00       -5.09493E-09     0.0000
    188.00       -5.08897E-09     0.0000
    189.00       -5.08391E-09     0.0000
    190.00       -5.07975E-09     0.0000
    191.00       -5.07649E-09     0.0000
    192.00       -5.07413E-09     0.0000
    193.00       -5.07269E-09     0.0000
    194.00       -5.07217E-09     0.0000
    195.00       -5.07257E-09     0.0000
    196.00       -5.07392E-09     0.0000
    197.00       -5.07622E-09     0.0000
    198.00       -5.07948E-09     0.0000
    199.00       -5.08371E-09     0.0000
    200.00       -5.08893E-09     0.0000
