
    1.0000       -8.71592E-06     0.0000
    2.0000       -1.73813E-06     0.0000
    3.0000       -4.31486E-07     0.0000
    4.0000        4.48413E-08     0.0000
    5.0000        2.89050E-07     0.0000
    6.0000        4.51719E-07     0.0000
    7.0000        5.89197E-07     0.0000
    8.0000        7.33307E-07     0.0000
    9.0000        9.15626E-07     0.0000
    10.000        1.19182E-06     0.0000
    11.000        1.72087E-06     0.0000
    12.000        3.45300E-06     0.0000
    13.000       -3.27940E-06     0.0000
    14.000        2.42886E-05     0.0000
    15.000       -2.66798E-06     0.0000
    16.000       -1.35374E-06     0.0000
    17.000       -8.85537E-07     0.0000
    18.000       -6.33835E-07     0.0000
    19.000       -4.67885E-07     0.0000
    20.000       -3.34878E-07     0.0000
    21.000       -1.58922E-07     0.0000
    22.000       -4.64524E-07     0.0000
    23.000       -1.83224E-07     0.0000
    24.000        6.23453E-08     0.0000
    25.000       -2.45328E-06     0.0000
    26.000       -4.51114E-07     0.0000
    27.000       -2.86941E-07     0.0000
    28.000       -1.15026E-07     0.0000
    29.000       -3.49241E-07     0.0000
    30.000       -2.45892E-07     0.0000
    31.000       -2.03065E-07     0.0000
    32.000       -1.84484E-07     0.0000
    33.000       -1.65543E-07     0.0000
    34.000       -1.50529E-07     0.0000
    35.000       -1.38058E-07     0.0000
    36.000       -1.27430E-07     0.0000
    37.000       -1.18216E-07     0.0000
    38.000       -1.10126E-07     0.0000
    39.000       -1.02954E-07     0.0000
    40.000       -9.65445E-08     0.0000
    41.000       -9.07787E-08     0.0000
    42.000       -8.55633E-08     0.0000
    43.000       -8.08227E-08     0.0000
    44.000       -7.64957E-08     0.0000
    45.000       -7.25311E-08     0.0000
    46.000       -6.88865E-08     0.0000
    47.000       -6.55258E-08     0.0000
    48.000       -6.24183E-08     0.0000
    49.000       -5.95376E-08     0.0000
    50.000       -5.68608E-08     0.0000
    51.000       -5.43681E-08     0.0000
    52.000       -5.20423E-08     0.0000
    53.000       -4.98679E-08     0.0000
    54.000       -4.78316E-08     0.0000
    55.000       -4.59214E-08     0.0000
    56.000       -4.41267E-08     0.0000
    57.000       -4.24380E-08     0.0000
    58.000       -4.08469E-08     0.0000
    59.000       -3.93456E-08     0.0000
    60.000       -3.79275E-08     0.0000
    61.000       -3.65861E-08     0.0000
    62.000       -3.53160E-08     0.0000
    63.000       -3.41121E-08     0.0000
    64.000       -3.29696E-08     0.0000
    65.000       -3.18844E-08     0.0000
    66.000       -3.08527E-08     0.0000
    67.000       -2.98708E-08     0.0000
    68.000       -2.89355E-08     0.0000
    69.000       -2.80439E-08     0.0000
    70.000       -2.71933E-08     0.0000
    71.000       -2.63811E-08     0.0000
    72.000       -2.56050E-08     0.0000
    73.000       -2.48628E-08     0.0000
    74.000       -2.41526E-08     0.0000
    75.000       -2.34725E-08     0.0000
    76.000       -2.28208E-08     0.0000
    77.000       -2.21959E-08     0.0000
    78.000       -2.15964E-08     0.0000
    79.000       -2.10208E-08     0.0000
    80.000       -2.04680E-08     0.0000
    81.000       -1.99366E-08     0.0000
    82.000       -1.94257E-08     0.0000
    83.000       -1.89340E-08     0.0000
    84.000       -1.84607E-08     0.0000
    85.000       -1.80049E-08     0.0000
    86.000       -1.75656E-08     0.0000
    87.000       -1.71422E-08     0.0000
    88.000       -1.67336E-08     0.0000
    89.000       -1.63398E-08     0.0000
    90.000       -1.59592E-08     0.0000
    91.000       -1.55918E-08     0.0000
    92.000       -1.52367E-08     0.0000
    93.000       -1.48936E-08     0.0000
    94.000       -1.45617E-08     0.0000
    95.000       -1.42407E-08     0.0000
    96.000       -1.39301E-08     0.0000
    97.000       -1.36294E-08     0.0000
    98.000       -1.33382E-08     0.0000
    99.000       -1.30561E-08     0.0000
    100.00       -1.27827E-08     0.0000
    101.00       -1.25176E-08     0.0000
    102.00       -1.22606E-08     0.0000
    103.00       -1.20113E-08     0.0000
    104.00       -1.17694E-08     0.0000
    105.00       -1.15345E-08     0.0000
    106.00       -1.13065E-08     0.0000
    107.00       -1.10851E-08     0.0000
    108.00       -1.08700E-08     0.0000
    109.00       -1.06609E-08     0.0000
    110.00       -1.04576E-08     0.0000
    111.00       -1.02600E-08     0.0000
    112.00       -1.00678E-08     0.0000
    113.00       -9.88086E-09     0.0000
    114.00       -9.69892E-09     0.0000
    115.00       -9.52182E-09     0.0000
    116.00       -9.34940E-09     0.0000
    117.00       -9.18150E-09     0.0000
    118.00       -9.01795E-09     0.0000
    119.00       -8.85861E-09     0.0000
    120.00       -8.70333E-09     0.0000
    121.00       -8.55197E-09     0.0000
    122.00       -8.40441E-09     0.0000
    123.00       -8.26051E-09     0.0000
    124.00       -8.12016E-09     0.0000
    125.00       -7.98324E-09     0.0000
    126.00       -7.84964E-09     0.0000
    127.00       -7.71924E-09     0.0000
    128.00       -7.59196E-09     0.0000
    129.00       -7.46768E-09     0.0000
    130.00       -7.34632E-09     0.0000
    131.00       -7.22778E-09     0.0000
    132.00       -7.11198E-09     0.0000
    133.00       -6.99883E-09     0.0000
    134.00       -6.88825E-09     0.0000
    135.00       -6.78017E-09     0.0000
    136.00       -6.67451E-09     0.0000
    137.00       -6.57119E-09     0.0000
    138.00       -6.47015E-09     0.0000
    139.00       -6.37133E-09     0.0000
    140.00       -6.27465E-09     0.0000
    141.00       -6.18005E-09     0.0000
    142.00       -6.08748E-09     0.0000
    143.00       -5.99688E-09     0.0000
    144.00       -5.90819E-09     0.0000
    145.00       -5.82136E-09     0.0000
    146.00       -5.73633E-09     0.0000
    147.00       -5.65306E-09     0.0000
    148.00       -5.57150E-09     0.0000
    149.00       -5.49160E-09     0.0000
    150.00       -5.41332E-09     0.0000
    151.00       -5.33661E-09     0.0000
    152.00       -5.26143E-09     0.0000
    153.00       -5.18775E-09     0.0000
    154.00       -5.11551E-09     0.0000
    155.00       -5.04469E-09     0.0000
    156.00       -4.97524E-09     0.0000
    157.00       -4.90713E-09     0.0000
    158.00       -4.84034E-09     0.0000
    159.00       -4.77481E-09     0.0000
    160.00       -4.71052E-09     0.0000
    161.00       -4.64745E-09     0.0000
    162.00       -4.58555E-09     0.0000
    163.00       -4.52481E-09     0.0000
    164.00       -4.46518E-09     0.0000
    165.00       -4.40665E-09     0.0000
    166.00       -4.34919E-09     0.0000
    167.00       -4.29277E-09     0.0000
    168.00       -4.23737E-09     0.0000
    169.00       -4.18295E-09     0.0000
    170.00       -4.12951E-09     0.0000
    171.00       -4.07701E-09     0.0000
    172.00       -4.02544E-09     0.0000
    173.00       -3.97476E-09     0.0000
    174.00       -3.92497E-09     0.0000
    175.00       -3.87604E-09     0.0000
    176.00       -3.82795E-09     0.0000
    177.00       -3.78068E-09     0.0000
    178.00       -3.73421E-09     0.0000
    179.00       -3.68853E-09     0.0000
    180.00       -3.64362E-09     0.0000
    181.00       -3.59945E-09     0.0000
    182.00       -3.55602E-09     0.0000
    183.00       -3.51331E-09     0.0000
    184.00       -3.47130E-09     0.0000
    185.00       -3.42997E-09     0.0000
    186.00       -3.38931E-09     0.0000
    187.00       -3.34932E-09     0.0000
    188.00       -3.30996E-09     0.0000
    189.00       -3.27123E-09     0.0000
    190.00       -3.23312E-09     0.0000
    191.00       -3.19561E-09     0.0000
    192.00       -3.15869E-09     0.0000
    193.00       -3.12235E-09     0.0000
    194.00       -3.08657E-09     0.0000
    195.00       -3.05135E-09     0.0000
    196.00       -3.01667E-09     0.0000
    197.00       -2.98252E-09     0.0000
    198.00       -2.94890E-09     0.0000
    199.00       -2.91578E-09     0.0000
    200.00       -2.88316E-09     0.0000
    201.00       -2.85103E-09     0.0000
    202.00       -2.81938E-09     0.0000
    203.00       -2.78820E-09     0.0000
    204.00       -2.75748E-09     0.0000
    205.00       -2.72722E-09     0.0000
    206.00       -2.69740E-09     0.0000
    207.00       -2.66801E-09     0.0000
    208.00       -2.63905E-09     0.0000
    209.00       -2.61050E-09     0.0000
    210.00       -2.58237E-09     0.0000
    211.00       -2.55464E-09     0.0000
    212.00       -2.52730E-09     0.0000
    213.00       -2.50035E-09     0.0000
    214.00       -2.47378E-09     0.0000
    215.00       -2.44758E-09     0.0000
    216.00       -2.42175E-09     0.0000
    217.00       -2.39627E-09     0.0000
    218.00       -2.37115E-09     0.0000
    219.00       -2.34637E-09     0.0000
    220.00       -2.32194E-09     0.0000
    221.00       -2.29783E-09     0.0000
    222.00       -2.27406E-09     0.0000
    223.00       -2.25060E-09     0.0000
    224.00       -2.22746E-09     0.0000
    225.00       -2.20463E-09     0.0000
    226.00       -2.18211E-09     0.0000
    227.00       -2.15988E-09     0.0000
    228.00       -2.13795E-09     0.0000
    229.00       -2.11630E-09     0.0000
    230.00       -2.09494E-09     0.0000
    231.00       -2.07386E-09     0.0000
    232.00       -2.05305E-09     0.0000
    233.00       -2.03251E-09     0.0000
    234.00       -2.01223E-09     0.0000
    235.00       -1.99222E-09     0.0000
    236.00       -1.97246E-09     0.0000
    237.00       -1.95295E-09     0.0000
    238.00       -1.93369E-09     0.0000
    239.00       -1.91467E-09     0.0000
    240.00       -1.89588E-09     0.0000
    241.00       -1.87734E-09     0.0000
    242.00       -1.85902E-09     0.0000
    243.00       -1.84093E-09     0.0000
    244.00       -1.82307E-09     0.0000
    245.00       -1.80542E-09     0.0000
    246.00       -1.78799E-09     0.0000
    247.00       -1.77077E-09     0.0000
    248.00       -1.75376E-09     0.0000
    249.00       -1.73696E-09     0.0000
    250.00       -1.72035E-09     0.0000
    251.00       -1.70395E-09     0.0000
    252.00       -1.68774E-09     0.0000
    253.00       -1.67173E-09     0.0000
    254.00       -1.65590E-09     0.0000
    255.00       -1.64026E-09     0.0000
    256.00       -1.62480E-09     0.0000
    257.00       -1.60953E-09     0.0000
    258.00       -1.59443E-09     0.0000
    259.00       -1.57951E-09     0.0000
    260.00       -1.56475E-09     0.0000
    261.00       -1.55017E-09     0.0000
    262.00       -1.53575E-09     0.0000
    263.00       -1.52149E-09     0.0000
    264.00       -1.50738E-09     0.0000
    265.00       -1.49343E-09     0.0000
    266.00       -1.47960E-09     0.0000
    267.00       -1.46585E-09     0.0000
    268.00       -1.45163E-09     0.0000
    269.00       -1.44035E-09     0.0000
    270.00       -1.42658E-09     0.0000
    271.00       -1.41343E-09     0.0000
    272.00       -1.40050E-09     0.0000
    273.00       -1.38771E-09     0.0000
    274.00       -1.37506E-09     0.0000
    275.00       -1.36248E-09     0.0000
    276.00       -1.34910E-09     0.0000
    277.00       -1.33870E-09     0.0000
    278.00       -1.32638E-09     0.0000
    279.00       -1.31439E-09     0.0000
    280.00       -1.30256E-09     0.0000
    281.00       -1.29087E-09     0.0000
    282.00       -1.27932E-09     0.0000
    283.00       -1.26789E-09     0.0000
    284.00       -1.25659E-09     0.0000
    285.00       -1.24540E-09     0.0000
    286.00       -1.23434E-09     0.0000
    287.00       -1.22339E-09     0.0000
    288.00       -1.21255E-09     0.0000
    289.00       -1.20183E-09     0.0000
    290.00       -1.19122E-09     0.0000
    291.00       -1.18072E-09     0.0000
    292.00       -1.17032E-09     0.0000
    293.00       -1.16003E-09     0.0000
    294.00       -1.14985E-09     0.0000
    295.00       -1.13976E-09     0.0000
    296.00       -1.12976E-09     0.0000
    297.00       -1.11983E-09     0.0000
    298.00       -1.10985E-09     0.0000
    299.00       -1.10171E-09     0.0000
    300.00       -1.09120E-09     0.0000
    301.00       -1.08162E-09     0.0000
    302.00       -1.07220E-09     0.0000
    303.00       -1.06288E-09     0.0000
    304.00       -1.05367E-09     0.0000
    305.00       -1.04455E-09     0.0000
    306.00       -1.03553E-09     0.0000
    307.00       -1.02659E-09     0.0000
    308.00       -1.01774E-09     0.0000
    309.00       -1.00898E-09     0.0000
    310.00       -1.00031E-09     0.0000
    311.00       -9.91717E-10     0.0000
    312.00       -9.83209E-10     0.0000
    313.00       -9.74783E-10     0.0000
    314.00       -9.66438E-10     0.0000
    315.00       -9.58172E-10     0.0000
    316.00       -9.49985E-10     0.0000
    317.00       -9.41876E-10     0.0000
    318.00       -9.33844E-10     0.0000
    319.00       -9.25887E-10     0.0000
    320.00       -9.18005E-10     0.0000
    321.00       -9.10197E-10     0.0000
    322.00       -9.02462E-10     0.0000
    323.00       -8.94799E-10     0.0000
    324.00       -8.87207E-10     0.0000
    325.00       -8.79686E-10     0.0000
    326.00       -8.72233E-10     0.0000
    327.00       -8.64849E-10     0.0000
    328.00       -8.57533E-10     0.0000
    329.00       -8.50284E-10     0.0000
    330.00       -8.43100E-10     0.0000
    331.00       -8.35982E-10     0.0000
    332.00       -8.28929E-10     0.0000
    333.00       -8.21939E-10     0.0000
    334.00       -8.15011E-10     0.0000
    335.00       -8.08146E-10     0.0000
    336.00       -8.01343E-10     0.0000
    337.00       -7.94600E-10     0.0000
    338.00       -7.87917E-10     0.0000
    339.00       -7.81293E-10     0.0000
    340.00       -7.74728E-10     0.0000
    341.00       -7.68221E-10     0.0000
    342.00       -7.61770E-10     0.0000
    343.00       -7.55377E-10     0.0000
    344.00       -7.49039E-10     0.0000
    345.00       -7.42756E-10     0.0000
    346.00       -7.36528E-10     0.0000
    347.00       -7.30354E-10     0.0000
    348.00       -7.24233E-10     0.0000
    349.00       -7.18164E-10     0.0000
    350.00       -7.12148E-10     0.0000
    351.00       -7.06184E-10     0.0000
    352.00       -7.00270E-10     0.0000
    353.00       -6.94406E-10     0.0000
    354.00       -6.88593E-10     0.0000
    355.00       -6.82828E-10     0.0000
    356.00       -6.77112E-10     0.0000
    357.00       -6.71444E-10     0.0000
    358.00       -6.65824E-10     0.0000
    359.00       -6.60251E-10     0.0000
    360.00       -6.54724E-10     0.0000
    361.00       -6.49244E-10     0.0000
    362.00       -6.43808E-10     0.0000
    363.00       -6.38418E-10     0.0000
    364.00       -6.33072E-10     0.0000
    365.00       -6.27770E-10     0.0000
    366.00       -6.22512E-10     0.0000
    367.00       -6.17297E-10     0.0000
    368.00       -6.12124E-10     0.0000
    369.00       -6.06993E-10     0.0000
    370.00       -6.01904E-10     0.0000
    371.00       -5.96857E-10     0.0000
    372.00       -5.91850E-10     0.0000
    373.00       -5.86883E-10     0.0000
    374.00       -5.81956E-10     0.0000
    375.00       -5.77068E-10     0.0000
    376.00       -5.72220E-10     0.0000
    377.00       -5.67410E-10     0.0000
    378.00       -5.62639E-10     0.0000
    379.00       -5.57905E-10     0.0000
    380.00       -5.53209E-10     0.0000
    381.00       -5.48549E-10     0.0000
    382.00       -5.43927E-10     0.0000
    383.00       -5.39340E-10     0.0000
    384.00       -5.34790E-10     0.0000
    385.00       -5.30275E-10     0.0000
    386.00       -5.25795E-10     0.0000
    387.00       -5.21349E-10     0.0000
    388.00       -5.16938E-10     0.0000
    389.00       -5.12562E-10     0.0000
    390.00       -5.08219E-10     0.0000
    391.00       -5.03909E-10     0.0000
    392.00       -4.99632E-10     0.0000
    393.00       -4.95388E-10     0.0000
    394.00       -4.91176E-10     0.0000
    395.00       -4.86997E-10     0.0000
    396.00       -4.82849E-10     0.0000
    397.00       -4.78732E-10     0.0000
    398.00       -4.74646E-10     0.0000
    399.00       -4.70592E-10     0.0000
    400.00       -4.66567E-10     0.0000
    401.00       -4.62573E-10     0.0000
    402.00       -4.58608E-10     0.0000
    403.00       -4.54673E-10     0.0000
    404.00       -4.50768E-10     0.0000
    405.00       -4.46891E-10     0.0000
    406.00       -4.43043E-10     0.0000
    407.00       -4.39223E-10     0.0000
    408.00       -4.35432E-10     0.0000
    409.00       -4.31668E-10     0.0000
    410.00       -4.27932E-10     0.0000
    411.00       -4.24223E-10     0.0000
    412.00       -4.20541E-10     0.0000
    413.00       -4.16886E-10     0.0000
    414.00       -4.13257E-10     0.0000
    415.00       -4.09655E-10     0.0000
    416.00       -4.06078E-10     0.0000
    417.00       -4.02528E-10     0.0000
    418.00       -3.99003E-10     0.0000
    419.00       -3.95503E-10     0.0000
    420.00       -3.92028E-10     0.0000
    421.00       -3.88578E-10     0.0000
    422.00       -3.85152E-10     0.0000
    423.00       -3.81751E-10     0.0000
    424.00       -3.78374E-10     0.0000
    425.00       -3.75021E-10     0.0000
    426.00       -3.71691E-10     0.0000
    427.00       -3.68385E-10     0.0000
    428.00       -3.65101E-10     0.0000
    429.00       -3.61841E-10     0.0000
    430.00       -3.58604E-10     0.0000
    431.00       -3.55389E-10     0.0000
    432.00       -3.52197E-10     0.0000
    433.00       -3.49026E-10     0.0000
    434.00       -3.45878E-10     0.0000
    435.00       -3.42751E-10     0.0000
    436.00       -3.39646E-10     0.0000
    437.00       -3.36562E-10     0.0000
    438.00       -3.33499E-10     0.0000
    439.00       -3.30458E-10     0.0000
    440.00       -3.27436E-10     0.0000
    441.00       -3.24436E-10     0.0000
    442.00       -3.21456E-10     0.0000
    443.00       -3.18496E-10     0.0000
    444.00       -3.15556E-10     0.0000
    445.00       -3.12636E-10     0.0000
    446.00       -3.09736E-10     0.0000
    447.00       -3.06855E-10     0.0000
    448.00       -3.03993E-10     0.0000
    449.00       -3.01150E-10     0.0000
    450.00       -2.98327E-10     0.0000
    451.00       -2.95522E-10     0.0000
    452.00       -2.92736E-10     0.0000
    453.00       -2.89968E-10     0.0000
    454.00       -2.87219E-10     0.0000
    455.00       -2.84487E-10     0.0000
    456.00       -2.81774E-10     0.0000
    457.00       -2.79079E-10     0.0000
    458.00       -2.76401E-10     0.0000
    459.00       -2.73740E-10     0.0000
    460.00       -2.71097E-10     0.0000
    461.00       -2.68472E-10     0.0000
    462.00       -2.65863E-10     0.0000
    463.00       -2.63271E-10     0.0000
    464.00       -2.60696E-10     0.0000
    465.00       -2.58138E-10     0.0000
    466.00       -2.55596E-10     0.0000
    467.00       -2.53070E-10     0.0000
    468.00       -2.50561E-10     0.0000
    469.00       -2.48067E-10     0.0000
    470.00       -2.45590E-10     0.0000
    471.00       -2.43128E-10     0.0000
    472.00       -2.40682E-10     0.0000
    473.00       -2.38252E-10     0.0000
    474.00       -2.35837E-10     0.0000
    475.00       -2.33437E-10     0.0000
    476.00       -2.31052E-10     0.0000
    477.00       -2.28682E-10     0.0000
    478.00       -2.26327E-10     0.0000
    479.00       -2.23987E-10     0.0000
    480.00       -2.21662E-10     0.0000
    481.00       -2.19351E-10     0.0000
    482.00       -2.17054E-10     0.0000
    483.00       -2.14772E-10     0.0000
    484.00       -2.12504E-10     0.0000
    485.00       -2.10250E-10     0.0000
    486.00       -2.08009E-10     0.0000
    487.00       -2.05783E-10     0.0000
    488.00       -2.03570E-10     0.0000
    489.00       -2.01371E-10     0.0000
    490.00       -1.99185E-10     0.0000
    491.00       -1.97013E-10     0.0000
    492.00       -1.94854E-10     0.0000
    493.00       -1.92708E-10     0.0000
    494.00       -1.90575E-10     0.0000
    495.00       -1.88455E-10     0.0000
    496.00       -1.86348E-10     0.0000
    497.00       -1.84254E-10     0.0000
    498.00       -1.82172E-10     0.0000
    499.00       -1.80102E-10     0.0000
    500.00       -1.78045E-10     0.0000
