    
    1.0000       -1.05924E-05     0.0000
    2.0000       -2.70715E-06     0.0000
    3.0000       -1.24978E-06     0.0000
    4.0000       -7.42781E-07     0.0000
    5.0000       -5.11970E-07     0.0000
    6.0000       -3.91531E-07     0.0000
    7.0000       -3.25521E-07     0.0000
    8.0000       -2.92126E-07     0.0000
    9.0000       -2.84107E-07     0.0000
    10.000       -3.05584E-07     0.0000
    11.000       -3.86357E-07     0.0000
    12.000       -7.43350E-07     0.0000
    13.000        1.09296E-06     0.0000
    14.000       -1.49282E-06     0.0000
    15.000        2.62300E-07     0.0000
    16.000        1.41737E-07     0.0000
    17.000        9.61295E-08     0.0000
    18.000        7.28764E-08     0.0000
    19.000        6.00688E-08     0.0000
    20.000        5.41646E-08     0.0000
    21.000        5.94613E-08     0.0000
    22.000        1.53804E-08     0.0000
    23.000        4.09667E-08     0.0000
    24.000        7.07015E-08     0.0000
    25.000       -3.43575E-07     0.0000
    26.000       -2.58867E-08     0.0000
    27.000       -4.45525E-09     0.0000
    28.000        1.76106E-08     0.0000
    29.000       -1.87695E-08     0.0000
    30.000       -5.15325E-09     0.0000
    31.000        1.87174E-08     0.0000
    32.000       -6.25075E-09     0.0000
    33.000       -3.53893E-09     0.0000
    34.000       -2.40634E-09     0.0000
    35.000       -1.74668E-09     0.0000
    36.000       -1.31443E-09     0.0000
    37.000       -1.01327E-09     0.0000
    38.000       -7.95150E-10     0.0000
    39.000       -6.32785E-10     0.0000
    40.000       -5.09372E-10     0.0000
    41.000       -4.13989E-10     0.0000
    42.000       -3.39246E-10     0.0000
    43.000       -2.79989E-10     0.0000
    44.000       -2.32531E-10     0.0000
    45.000       -1.94185E-10     0.0000
    46.000       -1.62955E-10     0.0000
    47.000       -1.37340E-10     0.0000
    48.000       -1.16195E-10     0.0000
    49.000       -9.86389E-11     0.0000
    50.000       -8.39833E-11     0.0000
    51.000       -7.16887E-11     0.0000
    52.000       -6.13272E-11     0.0000
    53.000       -5.25575E-11     0.0000
    54.000       -4.51053E-11     0.0000
    55.000       -3.87486E-11     0.0000
    56.000       -3.33069E-11     0.0000
    57.000       -2.86326E-11     0.0000
    58.000       -2.46035E-11     0.0000
    59.000       -2.11280E-11     0.0000
    60.000       -1.81036E-11     0.0000
    61.000       -1.54759E-11     0.0000
    62.000       -1.31829E-11     0.0000
    63.000       -1.11756E-11     0.0000
    64.000       -9.41248E-12     0.0000
    65.000       -7.85825E-12     0.0000
    66.000       -6.48286E-12     0.0000
    67.000       -5.26048E-12     0.0000
    68.000       -4.16877E-12     0.0000
    69.000       -3.18823E-12     0.0000
    70.000       -2.30167E-12     0.0000
    71.000       -1.49373E-12     0.0000
    72.000       -7.50416E-13     0.0000
    73.000       -5.86789E-14     0.0000
    74.000        5.94049E-13     0.0000
    75.000        1.22037E-12     0.0000
    76.000        1.83354E-12     0.0000
    77.000        2.44836E-12     0.0000
    78.000        3.08242E-12     0.0000
    79.000        3.75807E-12     0.0000
    80.000        4.50572E-12     0.0000
    81.000        5.36974E-12     0.0000
    82.000        6.41979E-12     0.0000
    83.000        7.77471E-12     0.0000
    84.000        9.65911E-12     0.0000
    85.000        1.25593E-11     0.0000
    86.000        1.77751E-11     0.0000
    87.000        3.03423E-11     0.0000
    88.000        1.07245E-10     0.0000
    89.000       -6.67955E-11     0.0000
    90.000       -2.48630E-11     0.0000
    91.000       -1.49947E-11     0.0000
    92.000       -1.05671E-11     0.0000
    93.000       -8.04525E-12     0.0000
    94.000       -6.41320E-12     0.0000
    95.000       -5.26923E-12     0.0000
    96.000       -4.42245E-12     0.0000
    97.000       -3.77043E-12     0.0000
    98.000       -3.25322E-12     0.0000
    99.000       -2.83332E-12     0.0000
    100.00       -2.48599E-12     0.0000
    101.00       -2.19409E-12     0.0000
    102.00       -1.94302E-12     0.0000
    103.00       -1.73958E-12     0.0000
    104.00       -1.55312E-12     0.0000
    105.00       -1.39203E-12     0.0000
    106.00       -1.25082E-12     0.0000
    107.00       -1.12618E-12     0.0000
    108.00       -1.01561E-12     0.0000
    109.00       -9.17064E-13     0.0000
    110.00       -8.28896E-13     0.0000
    111.00       -7.49736E-13     0.0000
    112.00       -6.78441E-13     0.0000
    113.00       -6.14049E-13     0.0000
    114.00       -5.55743E-13     0.0000
    115.00       -5.02826E-13     0.0000
    116.00       -4.54698E-13     0.0000
    117.00       -4.10840E-13     0.0000
    118.00       -3.70802E-13     0.0000
    119.00       -3.34192E-13     0.0000
    120.00       -3.00663E-13     0.0000
    121.00       -2.69914E-13     0.0000
    122.00       -2.41675E-13     0.0000
    123.00       -2.15710E-13     0.0000
    124.00       -1.91808E-13     0.0000
    125.00       -1.69779E-13     0.0000
    126.00       -1.49456E-13     0.0000
    127.00       -1.30686E-13     0.0000
    128.00       -1.13335E-13     0.0000
    129.00       -9.72792E-14     0.0000
    130.00       -8.24083E-14     0.0000
    131.00       -6.86218E-14     0.0000
    132.00       -5.58286E-14     0.0000
    133.00       -4.39457E-14     0.0000
    134.00       -3.28974E-14     0.0000
    135.00       -2.26144E-14     0.0000
    136.00       -1.30331E-14     0.0000
    137.00       -4.09486E-15     0.0000
    138.00        4.25439E-15     0.0000
    139.00        1.20650E-14     0.0000
    140.00        1.93840E-14     0.0000
    141.00        2.62554E-14     0.0000
    142.00        3.27214E-14     0.0000
    143.00        3.88220E-14     0.0000
    144.00        4.45962E-14     0.0000
    145.00        5.00829E-14     0.0000
    146.00        5.53209E-14     0.0000
    147.00        6.03510E-14     0.0000
    148.00        6.52166E-14     0.0000
    149.00        6.99664E-14     0.0000
    150.00        7.46568E-14     0.0000
    151.00        7.93571E-14     0.0000
    152.00        8.41566E-14     0.0000
    153.00        8.91769E-14     0.0000
    154.00        9.45940E-14     0.0000
    155.00        1.00680E-13     0.0000
    156.00        1.07891E-13     0.0000
    157.00        1.17059E-13     0.0000
    158.00        1.29922E-13     0.0000
    159.00        1.50820E-13     0.0000
    160.00        1.94605E-13     0.0000
    161.00        3.67793E-13     0.0000
    162.00       -4.32191E-13     0.0000
    163.00       -4.66948E-14     0.0000
    164.00        1.23270E-14     0.0000
    165.00        3.69803E-14     0.0000
    166.00        5.09213E-14     0.0000
    167.00        6.01341E-14     0.0000
    168.00        6.68404E-14     0.0000
    169.00        7.20581E-14     0.0000
    170.00        7.63159E-14     0.0000
    171.00        7.98413E-14     0.0000
    172.00        8.37087E-14     0.0000
    173.00        8.64908E-14     0.0000
    174.00        8.94423E-14     0.0000
    175.00        9.26746E-14     0.0000
    176.00        9.69952E-14     0.0000
    177.00        1.07231E-13     0.0000
    178.00        4.28293E-14     0.0000
    179.00        8.64260E-14     0.0000
    180.00        9.24441E-14     0.0000
    181.00        9.54971E-14     0.0000
    182.00        9.79429E-14     0.0000
    183.00        1.00055E-13     0.0000
    184.00        1.02006E-13     0.0000
    185.00        1.03880E-13     0.0000
    186.00        1.05725E-13     0.0000
    187.00        1.07576E-13     0.0000
    188.00        1.09458E-13     0.0000
    189.00        1.11393E-13     0.0000
    190.00        1.13404E-13     0.0000
    191.00        1.15512E-13     0.0000
    192.00        1.17740E-13     0.0000
    193.00        1.20111E-13     0.0000
    194.00        1.22654E-13     0.0000
    195.00        1.25402E-13     0.0000
    196.00        1.28390E-13     0.0000
    197.00        1.31664E-13     0.0000
    198.00        1.35277E-13     0.0000
    199.00        1.39296E-13     0.0000
    200.00        1.43803E-13     0.0000
    201.00        1.48902E-13     0.0000
    202.00        1.54730E-13     0.0000
    203.00        1.61465E-13     0.0000
    204.00        1.69347E-13     0.0000
    205.00        1.78707E-13     0.0000
    206.00        1.90017E-13     0.0000
    207.00        2.03972E-13     0.0000
    208.00        2.21642E-13     0.0000
    209.00        2.44760E-13     0.0000
    210.00        2.76338E-13     0.0000
    211.00        3.22109E-13     0.0000
    212.00        3.94508E-13     0.0000
    213.00        5.26489E-13     0.0000
    214.00        8.43622E-13     0.0000
    215.00        2.65812E-12     0.0000
    216.00       -1.81896E-12     0.0000
    217.00       -6.16776E-13     0.0000
    218.00       -3.47574E-13     0.0000
    219.00       -2.29333E-13     0.0000
    220.00       -1.60319E-13     0.0000
    221.00       -1.17710E-13     0.0000
    222.00       -8.76370E-14     0.0000
    223.00       -6.53356E-14     0.0000
    224.00       -4.80986E-14     0.0000
    225.00       -3.43344E-14     0.0000
    226.00       -2.30494E-14     0.0000
    227.00       -1.35918E-14     0.0000
    228.00       -5.51563E-15     0.0000
    229.00        1.49472E-15     0.0000
    230.00        7.66925E-15     0.0000
    231.00        1.31799E-14     0.0000
    232.00        1.81584E-14     0.0000
    233.00        2.27073E-14     0.0000
    234.00        2.69085E-14     0.0000
    235.00        3.08285E-14     0.0000
    236.00        3.45222E-14     0.0000
    237.00        3.80359E-14     0.0000
    238.00        4.14094E-14     0.0000
    239.00        4.46778E-14     0.0000
    240.00        4.78723E-14     0.0000
    241.00        5.10219E-14     0.0000
    242.00        5.41540E-14     0.0000
    243.00        5.72951E-14     0.0000
    244.00        6.04716E-14     0.0000
    245.00        6.37106E-14     0.0000
    246.00        6.70408E-14     0.0000
    247.00        7.04931E-14     0.0000
    248.00        7.41020E-14     0.0000
    249.00        7.79067E-14     0.0000
    250.00        8.19526E-14     0.0000
    251.00        8.62939E-14     0.0000
    252.00        9.09966E-14     0.0000
    253.00        9.61422E-14     0.0000
    254.00        1.01835E-13     0.0000
    255.00        1.08209E-13     0.0000
    256.00        1.15447E-13     0.0000
    257.00        1.23799E-13     0.0000
    258.00        1.33628E-13     0.0000
    259.00        1.45489E-13     0.0000
    260.00        1.60299E-13     0.0000
    261.00        1.79775E-13     0.0000
    262.00        2.07920E-13     0.0000
    263.00        2.59651E-13     0.0000
    264.00        7.90102E-13     0.0000
    265.00        2.12855E-13     0.0000
    266.00        3.42645E-13     0.0000
    267.00        5.62039E-13     0.0000
    268.00        1.64788E-12     0.0000
    269.00       -1.18263E-12     0.0000
    270.00       -2.80616E-13     0.0000
    271.00        2.82476E-11     0.0000
    272.00       -1.84149E-13     0.0000
    273.00       -6.74598E-14     0.0000
    274.00        2.05984E-14     0.0000
    275.00        1.57788E-13     0.0000
    276.00        1.12098E-12     0.0000
    277.00       -4.52966E-13     0.0000
    278.00       -2.04911E-13     0.0000
    279.00       -1.29527E-13     0.0000
    280.00       -8.93793E-14     0.0000
    281.00       -6.25654E-14     0.0000
    282.00       -4.22305E-14     0.0000
    283.00       -2.54447E-14     0.0000
    284.00       -1.06779E-14     0.0000
    285.00        3.00740E-15     0.0000
    286.00        1.62791E-14     0.0000
    287.00        2.96931E-14     0.0000
    288.00        4.37905E-14     0.0000
    289.00        5.91800E-14     0.0000
    290.00        7.66344E-14     0.0000
    291.00        9.72366E-14     0.0000
    292.00        1.22638E-13     0.0000
    293.00        1.55577E-13     0.0000
    294.00        2.01035E-13     0.0000
    295.00        2.69246E-13     0.0000
    296.00        3.85219E-13     0.0000
    297.00        6.30768E-13     0.0000
    298.00        1.51868E-12     0.0000
    299.00       -4.95297E-12     0.0000
    300.00       -9.91814E-13     0.0000
    301.00       -5.64998E-13     0.0000
    302.00       -4.00974E-13     0.0000
    303.00       -3.13910E-13     0.0000
    304.00       -2.59799E-13     0.0000
    305.00       -2.22838E-13     0.0000
    306.00       -1.95951E-13     0.0000
    307.00       -1.75489E-13     0.0000
    308.00       -1.59354E-13     0.0000
    309.00       -1.46543E-13     0.0000
    310.00       -1.35796E-13     0.0000
    311.00       -1.26846E-13     0.0000
    312.00       -1.19267E-13     0.0000
    313.00       -1.12770E-13     0.0000
    314.00       -1.07052E-13     0.0000
    315.00       -1.02660E-13     0.0000
    316.00       -9.83380E-14     0.0000
    317.00       -9.46776E-14     0.0000
    318.00       -9.15213E-14     0.0000
    319.00       -8.88117E-14     0.0000
    320.00       -8.65133E-14     0.0000
    321.00       -8.46055E-14     0.0000
    322.00       -8.30809E-14     0.0000
    323.00       -8.19464E-14     0.0000
    324.00       -8.12253E-14     0.0000
    325.00       -8.09624E-14     0.0000
    326.00       -8.12331E-14     0.0000
    327.00       -8.21589E-14     0.0000
    328.00       -8.39373E-14     0.0000
    329.00       -8.68998E-14     0.0000
    330.00       -9.16363E-14     0.0000
    331.00       -9.92987E-14     0.0000
    332.00       -1.12600E-13     0.0000
    333.00       -1.38030E-13     0.0000
    334.00       -2.06073E-13     0.0000
    335.00       -9.73026E-13     0.0000
    336.00        1.18143E-13     0.0000
    337.00        1.15510E-12     0.0000
    338.00        5.86681E-14     0.0000
    339.00        2.21955E-14     0.0000
    340.00        5.98561E-15     0.0000
    341.00       -3.67502E-15     0.0000
    342.00       -1.03859E-14     0.0000
    343.00       -1.56804E-14     0.0000
    344.00       -2.04937E-14     0.0000
    345.00       -2.57504E-14     0.0000
    346.00       -3.31273E-14     0.0000
    347.00       -4.82796E-14     0.0000
    348.00       -1.28037E-13     0.0000
    349.00        6.92625E-14     0.0000
    350.00        1.43950E-14     0.0000
    351.00        1.92105E-15     0.0000
    352.00       -3.71192E-15     0.0000
    353.00       -6.95110E-15     0.0000
    354.00       -9.06012E-15     0.0000
    355.00       -1.05386E-14     0.0000
    356.00       -1.16261E-14     0.0000
    357.00       -1.24530E-14     0.0000
    358.00       -1.30968E-14     0.0000
    359.00       -1.36070E-14     0.0000
    360.00       -1.40167E-14     0.0000
    361.00       -1.43492E-14     0.0000
    362.00       -1.46213E-14     0.0000
    363.00       -1.48456E-14     0.0000
    364.00       -1.50316E-14     0.0000
    365.00       -1.51869E-14     0.0000
    366.00       -1.53174E-14     0.0000
    367.00       -1.54278E-14     0.0000
    368.00       -1.55220E-14     0.0000
    369.00       -1.56033E-14     0.0000
    370.00       -1.56744E-14     0.0000
    371.00       -1.57376E-14     0.0000
    372.00       -1.57948E-14     0.0000
    373.00       -1.58478E-14     0.0000
    374.00       -1.58979E-14     0.0000
    375.00       -1.59464E-14     0.0000
    376.00       -1.59940E-14     0.0000
    377.00       -1.60387E-14     0.0000
    378.00       -1.62357E-14     0.0000
    379.00       -1.61674E-14     0.0000
    380.00       -1.62227E-14     0.0000
    381.00       -1.62861E-14     0.0000
    382.00       -1.63563E-14     0.0000
    383.00       -1.64339E-14     0.0000
    384.00       -1.65198E-14     0.0000
    385.00       -1.66149E-14     0.0000
    386.00       -1.67203E-14     0.0000
    387.00       -1.68374E-14     0.0000
    388.00       -1.69675E-14     0.0000
    389.00       -1.71120E-14     0.0000
    390.00       -1.72729E-14     0.0000
    391.00       -1.74519E-14     0.0000
    392.00       -1.76514E-14     0.0000
    393.00       -1.78740E-14     0.0000
    394.00       -1.81229E-14     0.0000
    395.00       -1.84016E-14     0.0000
    396.00       -1.87145E-14     0.0000
    397.00       -1.90667E-14     0.0000
    398.00       -1.94641E-14     0.0000
    399.00       -1.99128E-14     0.0000
    400.00       -2.04102E-14     0.0000
    401.00       -2.13279E-14     0.0000
    402.00       -2.17840E-14     0.0000
    403.00       -2.25842E-14     0.0000
    404.00       -2.35453E-14     0.0000
    405.00       -2.47045E-14     0.0000
    406.00       -2.61239E-14     0.0000
    407.00       -2.78985E-14     0.0000
    408.00       -3.01781E-14     0.0000
    409.00       -3.32130E-14     0.0000
    410.00       -3.74542E-14     0.0000
    411.00       -4.38066E-14     0.0000
    412.00       -5.43941E-14     0.0000
    413.00       -7.56770E-14     0.0000
    414.00       -1.41552E-13     0.0000
    415.00        9.19052E-13     0.0000
    416.00        1.21030E-13     0.0000
    417.00        5.06957E-14     0.0000
    418.00        2.90039E-14     0.0000
    419.00        1.82469E-14     0.0000
    420.00        1.17628E-14     0.0000
    421.00        7.40355E-15     0.0000
    422.00        4.34641E-15     0.0000
    423.00        9.07817E-16     0.0000
    424.00       -5.93008E-16     0.0000
    425.00       -2.23773E-15     0.0000
    426.00       -3.71433E-15     0.0000
    427.00       -5.06963E-15     0.0000
    428.00       -6.35649E-15     0.0000
    429.00       -7.62673E-15     0.0000
    430.00       -8.93728E-15     0.0000
    431.00       -1.03617E-14     0.0000
    432.00       -1.20130E-14     0.0000
    433.00       -1.40961E-14     0.0000
    434.00       -1.70609E-14     0.0000
    435.00       -2.21870E-14     0.0000
    436.00       -3.53440E-14     0.0000
    437.00       -2.93581E-13     0.0000
    438.00        2.06087E-14     0.0000
    439.00        1.64700E-15     0.0000
    440.00        5.17666E-15     0.0000
    441.00       -3.82548E-15     0.0000
    442.00       -6.92166E-15     0.0000
    443.00       -9.22404E-15     0.0000
    444.00       -1.12635E-14     0.0000
    445.00       -1.32581E-14     0.0000
    446.00       -1.53502E-14     0.0000
    447.00       -1.76696E-14     0.0000
    448.00       -2.03685E-14     0.0000
    449.00       -2.36586E-14     0.0000
    450.00       -2.78727E-14     0.0000
    451.00       -3.35918E-14     0.0000
    452.00       -4.19569E-14     0.0000
    453.00       -5.55848E-14     0.0000
    454.00       -8.21395E-14     0.0000
    455.00       -1.57946E-13     0.0000
    456.00       -2.42666E-12     0.0000
    457.00        1.77576E-13     0.0000
    458.00        8.43624E-14     0.0000
    459.00        5.45306E-14     0.0000
    460.00        3.93527E-14     0.0000
    461.00        3.32078E-14     0.0000
    462.00        2.59745E-14     0.0000
    463.00        2.15601E-14     0.0000
    464.00        1.82831E-14     0.0000
    465.00        1.57194E-14     0.0000
    466.00        1.36426E-14     0.0000
    467.00        1.19136E-14     0.0000
    468.00        1.04412E-14     0.0000
    469.00        9.16233E-15     0.0000
    470.00        8.03156E-15     0.0000
    471.00        7.01519E-15     0.0000
    472.00        6.08726E-15     0.0000
    473.00        5.22713E-15     0.0000
    474.00        4.41779E-15     0.0000
    475.00        3.64463E-15     0.0000
    476.00        2.89460E-15     0.0000
    477.00        2.15537E-15     0.0000
    478.00        1.41472E-15     0.0000
    479.00        6.59822E-16     0.0000
    480.00       -1.23560E-16     0.0000
    481.00       -9.52049E-16     0.0000
    482.00       -1.84603E-15     0.0000
    483.00       -2.83164E-15     0.0000
    484.00       -3.94389E-15     0.0000
    485.00       -5.23165E-15     0.0000
    486.00       -6.76628E-15     0.0000
    487.00       -8.65739E-15     0.0000
    488.00       -1.10836E-14     0.0000
    489.00       -1.43593E-14     0.0000
    490.00       -1.90970E-14     0.0000
    491.00       -2.66985E-14     0.0000
    492.00       -4.18605E-14     0.0000
    493.00       -6.97703E-14     0.0000
    494.00       -3.01864E-13     0.0000
    495.00        1.60005E-13     0.0000
    496.00        6.67901E-14     0.0000
    497.00        4.34285E-14     0.0000
    498.00        3.27665E-14     0.0000
    499.00        2.66469E-14     0.0000
    500.00        2.26695E-14     0.0000
