 -0.13503124E-01  0.21361492E-01  0.67126031E-01  0.00000000E+00  0.00000000E+00  0.00000000E+00
  0.46116347E-01 -0.67443990E-02 -0.18941255E-01  0.00000000E+00  0.00000000E+00  0.00000000E+00
  0.36891970E-01  0.31105122E-01 -0.51057119E-01  0.00000000E+00  0.00000000E+00  0.00000000E+00
  0.70742894E-01  0.13961500E-01  0.50320497E-01  0.00000000E+00  0.00000000E+00  0.00000000E+00
 -0.28275021E-01  0.57133447E-01 -0.83415619E-02  0.00000000E+00  0.00000000E+00  0.00000000E+00
  0.72673270E-02  0.10969251E-01 -0.18186205E-01  0.00000000E+00  0.00000000E+00  0.00000000E+00
 -0.32542374E-12 -0.60705848E-12  0.33947374E-04  0.00000000E+00  0.00000000E+00  0.00000000E+00
  0.11354768E-03 -0.33419247E-01 -0.43116530E-12  0.00000000E+00  0.00000000E+00  0.00000000E+00
 -0.23344711E-12  0.20993073E-10  0.80708750E-01  0.00000000E+00  0.00000000E+00  0.00000000E+00
  0.91296152E-11 -0.54479199E-11 -0.36334842E-03  0.00000000E+00  0.00000000E+00  0.00000000E+00
 -0.36697406E-10 -0.62698035E-11 -0.52028303E-04  0.00000000E+00  0.00000000E+00  0.00000000E+00
  0.16660789E-03 -0.76640679E-01  0.75822915E-11  0.00000000E+00  0.00000000E+00  0.00000000E+00
  0.16168272E-03 -0.15157089E-01  0.82423220E-11  0.00000000E+00  0.00000000E+00  0.00000000E+00
  0.76672174E-01  0.10424889E-03  0.32004007E-10  0.00000000E+00  0.00000000E+00  0.00000000E+00
 -0.16726400E-10  0.17058666E-10  0.17164377E-01  0.00000000E+00  0.00000000E+00  0.00000000E+00
 -0.28772149E-01  0.25676401E-04  0.72028082E-10  0.00000000E+00  0.00000000E+00  0.00000000E+00
 -0.16361932E-03  0.20505464E-01 -0.71924420E-11  0.00000000E+00  0.00000000E+00  0.00000000E+00
  0.35078823E-01 -0.36660316E-04 -0.27697494E-09  0.00000000E+00  0.00000000E+00  0.00000000E+00
  0.25622318E-09  0.16816165E-10  0.36070823E-01  0.00000000E+00  0.00000000E+00  0.00000000E+00
 -0.84547198E-04 -0.88841954E-01  0.12978572E-10  0.00000000E+00  0.00000000E+00  0.00000000E+00
  0.12103180E-10 -0.76303083E-10  0.11307637E+00  0.00000000E+00  0.00000000E+00  0.00000000E+00
 -0.26226719E-10  0.18100564E-10 -0.12409603E-01  0.00000000E+00  0.00000000E+00  0.00000000E+00
  0.16950844E-01 -0.33998293E-03 -0.46785546E-10  0.00000000E+00  0.00000000E+00  0.00000000E+00
 -0.22150684E-11 -0.25137589E-10  0.30858725E-03  0.00000000E+00  0.00000000E+00  0.00000000E+00
 -0.46917840E-02  0.17033865E-01  0.32410459E-10  0.00000000E+00  0.00000000E+00  0.00000000E+00
  0.92283189E-01  0.12105900E-02  0.50300907E-10  0.00000000E+00  0.00000000E+00  0.00000000E+00
  0.36274425E-10 -0.44411365E-09 -0.13775203E-03  0.00000000E+00  0.00000000E+00  0.00000000E+00
  0.11967669E-04  0.16898711E-01 -0.77347695E-11  0.00000000E+00  0.00000000E+00  0.00000000E+00
  0.44512373E-02  0.63333442E-03  0.20754760E-09  0.00000000E+00  0.00000000E+00  0.00000000E+00
  0.27023848E-10 -0.13076634E-09  0.33484444E-01  0.00000000E+00  0.00000000E+00  0.00000000E+00
  0.21387950E-03 -0.87610996E-01 -0.27031253E-10  0.00000000E+00  0.00000000E+00  0.00000000E+00
  0.39222515E-03 -0.10395510E+00 -0.51812758E-10  0.00000000E+00  0.00000000E+00  0.00000000E+00
  0.39304819E-11 -0.19401507E-09  0.56469599E-02  0.00000000E+00  0.00000000E+00  0.00000000E+00
 -0.10616451E-10  0.47240461E-10  0.19810711E-01  0.00000000E+00  0.00000000E+00  0.00000000E+00
 -0.16549382E-02  0.35176423E-01  0.23620069E-10  0.00000000E+00  0.00000000E+00  0.00000000E+00
 -0.21177769E-01 -0.43159312E-03 -0.32588268E-10  0.00000000E+00  0.00000000E+00  0.00000000E+00
 -0.12405441E+00 -0.14005863E-03 -0.20114088E-11  0.00000000E+00  0.00000000E+00  0.00000000E+00
  0.20726428E-01  0.10438240E-02  0.74849287E-10  0.00000000E+00  0.00000000E+00  0.00000000E+00
  0.97646441E-10 -0.11871830E-09 -0.35483878E-03  0.00000000E+00  0.00000000E+00  0.00000000E+00
  0.22552932E-09 -0.76438653E-09 -0.60973355E-04  0.00000000E+00  0.00000000E+00  0.00000000E+00
  0.22337305E-03  0.13066842E+00 -0.32681407E-09  0.00000000E+00  0.00000000E+00  0.00000000E+00
 -0.83852629E-10 -0.16321578E-08 -0.35645365E-01  0.00000000E+00  0.00000000E+00  0.00000000E+00
  0.52855045E-10 -0.98842900E-10 -0.45205654E-01  0.00000000E+00  0.00000000E+00  0.00000000E+00
 -0.69558883E-03 -0.10647457E+00 -0.15348433E-09  0.00000000E+00  0.00000000E+00  0.00000000E+00
  0.27447237E-01 -0.97496907E-03  0.20939491E-09  0.00000000E+00  0.00000000E+00  0.00000000E+00
  0.95924537E-09 -0.18934623E-07 -0.47251777E-03  0.00000000E+00  0.00000000E+00  0.00000000E+00
  0.16417044E-02 -0.38627822E-01  0.20131062E-09  0.00000000E+00  0.00000000E+00  0.00000000E+00
 -0.12752601E-09 -0.19344916E-09 -0.53301172E-04  0.00000000E+00  0.00000000E+00  0.00000000E+00
 -0.11762651E+00  0.11428999E-02 -0.14318816E-09  0.00000000E+00  0.00000000E+00  0.00000000E+00
  0.25587543E-09  0.12881232E-09 -0.92538701E-01  0.00000000E+00  0.00000000E+00  0.00000000E+00
 -0.83766937E-10  0.31707935E-11 -0.10808177E+00  0.00000000E+00  0.00000000E+00  0.00000000E+00
 -0.32649662E-03  0.52698876E-01 -0.79860156E-10  0.00000000E+00  0.00000000E+00  0.00000000E+00
  0.12359614E-09  0.39163739E-09 -0.60616621E-03  0.00000000E+00  0.00000000E+00  0.00000000E+00
  0.47506663E-09 -0.21374697E-09 -0.28788308E-01  0.00000000E+00  0.00000000E+00  0.00000000E+00
  0.11869623E-09 -0.39797483E-09 -0.87020943E-02  0.00000000E+00  0.00000000E+00  0.00000000E+00
  0.11269186E-01 -0.12423085E-02  0.29501376E-09  0.00000000E+00  0.00000000E+00  0.00000000E+00
 -0.18294900E-01  0.47314196E-03  0.14025901E-09  0.00000000E+00  0.00000000E+00  0.00000000E+00
 -0.18230415E-03  0.35083681E-01 -0.81214129E-10  0.00000000E+00  0.00000000E+00  0.00000000E+00
 -0.10340758E-09 -0.26586880E-09  0.23238902E-01  0.00000000E+00  0.00000000E+00  0.00000000E+00
  0.34418735E-09  0.14276633E-09  0.19438802E-02  0.00000000E+00  0.00000000E+00  0.00000000E+00
 -0.23166884E-02  0.71413598E-01  0.21270518E-09  0.00000000E+00  0.00000000E+00  0.00000000E+00
  0.17672014E+00 -0.13431961E-02 -0.44842563E-09  0.00000000E+00  0.00000000E+00  0.00000000E+00
  0.58379092E-03  0.13243122E+00 -0.70119232E-09  0.00000000E+00  0.00000000E+00  0.00000000E+00
  0.14648237E-08  0.48189617E-09 -0.38443598E-02  0.00000000E+00  0.00000000E+00  0.00000000E+00
 -0.66829255E-09 -0.11582040E-09 -0.30251977E-02  0.00000000E+00  0.00000000E+00  0.00000000E+00
 -0.12439846E-08 -0.35503425E-09 -0.66837686E-01  0.00000000E+00  0.00000000E+00  0.00000000E+00
  0.10358647E-08  0.16447930E-09  0.18417185E+00  0.00000000E+00  0.00000000E+00  0.00000000E+00
  0.14739237E+00  0.15770620E-02  0.51494774E-10  0.00000000E+00  0.00000000E+00  0.00000000E+00
  0.37272237E-03 -0.27717665E-01  0.12445132E-09  0.00000000E+00  0.00000000E+00  0.00000000E+00
  0.98930045E-01 -0.27540925E-02 -0.12404197E-08  0.00000000E+00  0.00000000E+00  0.00000000E+00
 -0.51077579E-01 -0.85659504E-03  0.19134783E-09  0.00000000E+00  0.00000000E+00  0.00000000E+00
  0.27235024E-08 -0.19831176E-09 -0.57478941E-03  0.00000000E+00  0.00000000E+00  0.00000000E+00
 -0.10772773E-02 -0.60561721E-01 -0.78651737E-09  0.00000000E+00  0.00000000E+00  0.00000000E+00
  0.21305111E-09 -0.10014773E-08  0.18825817E-01  0.00000000E+00  0.00000000E+00  0.00000000E+00
  0.58360317E-01  0.11583163E-02 -0.17466614E-08  0.00000000E+00  0.00000000E+00  0.00000000E+00
 -0.39120999E-09  0.13541208E-09 -0.29527854E-01  0.00000000E+00  0.00000000E+00  0.00000000E+00
  0.81242617E-10  0.76070019E-09  0.39176836E-02  0.00000000E+00  0.00000000E+00  0.00000000E+00
  0.96593494E-09 -0.25166253E-09  0.15178425E+00  0.00000000E+00  0.00000000E+00  0.00000000E+00
 -0.34556909E-01  0.24956429E-01  0.29204458E-08  0.00000000E+00  0.00000000E+00  0.00000000E+00
  0.31573709E-02  0.20408976E+00 -0.10671784E-09  0.00000000E+00  0.00000000E+00  0.00000000E+00
 -0.85096347E-09  0.39912660E-08 -0.63022893E-01  0.00000000E+00  0.00000000E+00  0.00000000E+00
 -0.17073374E-02  0.11003134E+00  0.19371021E-08  0.00000000E+00  0.00000000E+00  0.00000000E+00
  0.46049222E-09  0.55304844E-10  0.11725082E+00  0.00000000E+00  0.00000000E+00  0.00000000E+00
  0.43554046E-09  0.31486649E-09  0.68656949E-02  0.00000000E+00  0.00000000E+00  0.00000000E+00
  0.31998194E-01 -0.48733605E-03  0.43578939E-09  0.00000000E+00  0.00000000E+00  0.00000000E+00
 -0.62661519E-03  0.48793480E-02  0.97362477E-09  0.00000000E+00  0.00000000E+00  0.00000000E+00
 -0.22823597E-09  0.73136366E-10 -0.83707745E-03  0.00000000E+00  0.00000000E+00  0.00000000E+00
  0.44992386E-09 -0.73235418E-09 -0.12553355E-01  0.00000000E+00  0.00000000E+00  0.00000000E+00
  0.31827651E-09 -0.76795359E-10  0.69044838E-01  0.00000000E+00  0.00000000E+00  0.00000000E+00
 -0.41733131E-09 -0.90367365E-09 -0.18577543E-02  0.00000000E+00  0.00000000E+00  0.00000000E+00
 -0.22644803E+00  0.89883645E-02 -0.38021398E-10  0.00000000E+00  0.00000000E+00  0.00000000E+00
 -0.40911312E-08  0.11138277E-08  0.38136324E-02  0.00000000E+00  0.00000000E+00  0.00000000E+00
 -0.25402347E-08  0.43805651E-09  0.43644964E-02  0.00000000E+00  0.00000000E+00  0.00000000E+00
 -0.26695342E-02 -0.23240442E+00 -0.20376873E-09  0.00000000E+00  0.00000000E+00  0.00000000E+00
  0.63281344E-01 -0.19280675E-02 -0.18609103E-09  0.00000000E+00  0.00000000E+00  0.00000000E+00
 -0.24144434E-01 -0.19671395E-02  0.15638025E-09  0.00000000E+00  0.00000000E+00  0.00000000E+00
 -0.14630186E-08  0.37859266E-09 -0.11436586E+00  0.00000000E+00  0.00000000E+00  0.00000000E+00
  0.14311284E-08 -0.18011426E-08 -0.12097619E-02  0.00000000E+00  0.00000000E+00  0.00000000E+00
  0.46978881E-02 -0.74692896E-01  0.21473786E-08  0.00000000E+00  0.00000000E+00  0.00000000E+00
  0.32219504E-01  0.33348029E-02 -0.73314689E-08  0.00000000E+00  0.00000000E+00  0.00000000E+00
  0.23200184E-02  0.12355439E+00  0.20619132E-01  0.00000000E+00  0.00000000E+00  0.00000000E+00
 -0.41478596E-03  0.56383394E-02 -0.55733052E-01  0.00000000E+00  0.00000000E+00  0.00000000E+00
  0.27460617E-01 -0.95723668E-02 -0.34560025E-01  0.00000000E+00  0.00000000E+00  0.00000000E+00
  0.47597342E-01 -0.13294587E-01  0.50553823E-01  0.00000000E+00  0.00000000E+00  0.00000000E+00
 -0.43543385E-01  0.47390426E-01 -0.12756358E-01  0.00000000E+00  0.00000000E+00  0.00000000E+00
  0.83572792E-01  0.20358035E-01  0.25677229E-01  0.00000000E+00  0.00000000E+00  0.00000000E+00
  0.65416162E-02 -0.10275273E+00 -0.15796884E-01  0.00000000E+00  0.00000000E+00  0.00000000E+00
 -0.14657647E-01 -0.30949743E-01 -0.12497281E-01  0.00000000E+00  0.00000000E+00  0.00000000E+00
 -0.10967558E+00  0.89139821E-02 -0.18388156E-01  0.00000000E+00  0.00000000E+00  0.00000000E+00
 -0.65853490E-01  0.33434208E-02  0.58929787E-01  0.00000000E+00  0.00000000E+00  0.00000000E+00
 -0.44923205E-01 -0.29129410E-01 -0.25502350E-01  0.00000000E+00  0.00000000E+00  0.00000000E+00
 -0.61408469E-02  0.89509936E-01  0.21946861E-01  0.00000000E+00  0.00000000E+00  0.00000000E+00
  0.28573921E-01 -0.27211462E-02  0.46901283E-01  0.00000000E+00  0.00000000E+00  0.00000000E+00
 -0.90727401E-01  0.13332069E-02 -0.69126412E-01  0.00000000E+00  0.00000000E+00  0.00000000E+00
  0.25219883E-01 -0.48948815E-02  0.12310173E-01  0.00000000E+00  0.00000000E+00  0.00000000E+00
 -0.32608772E-01 -0.99358196E-01 -0.17094483E-01  0.00000000E+00  0.00000000E+00  0.00000000E+00
 -0.12980059E+00  0.16049702E-01 -0.26414889E-01  0.00000000E+00  0.00000000E+00  0.00000000E+00
  0.76177019E-02 -0.58817757E-01 -0.25049435E-01  0.00000000E+00  0.00000000E+00  0.00000000E+00
 -0.32921446E-02 -0.16983717E-01  0.31961322E-01  0.00000000E+00  0.00000000E+00  0.00000000E+00
  0.27220141E-01 -0.14443470E-02 -0.92042705E-01  0.00000000E+00  0.00000000E+00  0.00000000E+00
 -0.51712991E-01 -0.34550578E-01 -0.62057909E-02  0.00000000E+00  0.00000000E+00  0.00000000E+00
 -0.89937561E-02  0.29264984E-01 -0.18356763E-03  0.00000000E+00  0.00000000E+00  0.00000000E+00
  0.63875438E-01 -0.28398931E-01 -0.83349090E-01  0.00000000E+00  0.00000000E+00  0.00000000E+00
  0.27126554E-01  0.47305512E-01 -0.28981297E-01  0.00000000E+00  0.00000000E+00  0.00000000E+00
  0.61908374E-01  0.30615333E-01  0.12284598E-01  0.00000000E+00  0.00000000E+00  0.00000000E+00
 -0.47519304E-01  0.11861854E-01 -0.16005173E-01  0.00000000E+00  0.00000000E+00  0.00000000E+00
  0.15228597E-01  0.63909132E-01 -0.72863732E-02  0.00000000E+00  0.00000000E+00  0.00000000E+00
 -0.62576145E-02  0.41391692E-01 -0.14793814E-01  0.00000000E+00  0.00000000E+00  0.00000000E+00
  0.26962100E-01 -0.17391040E-01  0.16294772E-01  0.00000000E+00  0.00000000E+00  0.00000000E+00
 -0.29167112E-01  0.57451101E-01 -0.14135832E-01  0.00000000E+00  0.00000000E+00  0.00000000E+00
  0.21284022E-01  0.51122657E-01 -0.19686467E-02  0.00000000E+00  0.00000000E+00  0.00000000E+00
  0.22330096E-01  0.32981671E-03  0.29168032E-02  0.00000000E+00  0.00000000E+00  0.00000000E+00
  0.12750028E+00 -0.15496030E-01 -0.18918838E-02  0.00000000E+00  0.00000000E+00  0.00000000E+00
  0.50703211E-01  0.25869426E-01  0.29006281E-02  0.00000000E+00  0.00000000E+00  0.00000000E+00
 -0.25566258E-01 -0.15824058E-01 -0.16861933E-01  0.00000000E+00  0.00000000E+00  0.00000000E+00
  0.41073009E-01  0.71764404E-01 -0.69051562E-01  0.00000000E+00  0.00000000E+00  0.00000000E+00
 -0.31796392E-01  0.24311307E-01  0.16766233E-01  0.00000000E+00  0.00000000E+00  0.00000000E+00
  0.50418107E-01 -0.17606457E-01 -0.79990640E-02  0.00000000E+00  0.00000000E+00  0.00000000E+00
  0.14746339E-01 -0.51506820E-01  0.70120062E-01  0.00000000E+00  0.00000000E+00  0.00000000E+00
  0.43471727E-01 -0.72629228E-01 -0.18032352E-01  0.00000000E+00  0.00000000E+00  0.00000000E+00
 -0.17430541E-01 -0.30098455E-01  0.52457662E-01  0.00000000E+00  0.00000000E+00  0.00000000E+00
 -0.39944012E-02  0.25333589E-01 -0.82376672E-01  0.00000000E+00  0.00000000E+00  0.00000000E+00
  0.11091072E-01  0.58962069E-01 -0.49930571E-02  0.00000000E+00  0.00000000E+00  0.00000000E+00
 -0.25782240E-01 -0.53560220E-02 -0.13128043E-02  0.00000000E+00  0.00000000E+00  0.00000000E+00
  0.18649686E-01  0.47779360E-01 -0.56681525E-01  0.00000000E+00  0.00000000E+00  0.00000000E+00
 -0.26731541E-01 -0.41344439E-01  0.83258129E-02  0.00000000E+00  0.00000000E+00  0.00000000E+00
 -0.43546192E-01 -0.36961446E-01  0.36547900E-01  0.00000000E+00  0.00000000E+00  0.00000000E+00
  0.16199075E-01 -0.27337668E-02 -0.43117350E-01  0.00000000E+00  0.00000000E+00  0.00000000E+00
 -0.20132595E-02 -0.10197808E-01  0.14358529E-01  0.00000000E+00  0.00000000E+00  0.00000000E+00
 -0.23606236E-01  0.50079541E-01 -0.11743291E-01  0.00000000E+00  0.00000000E+00  0.00000000E+00
 -0.77122426E-01  0.13295583E-01  0.53548085E-01  0.00000000E+00  0.00000000E+00  0.00000000E+00
  0.24214054E-01 -0.21079092E-01 -0.43862063E-01  0.00000000E+00  0.00000000E+00  0.00000000E+00
 -0.63309277E-02 -0.42999112E-01  0.15382250E-01  0.00000000E+00  0.00000000E+00  0.00000000E+00
 -0.84522981E-02 -0.27584145E-01  0.65163977E-01  0.00000000E+00  0.00000000E+00  0.00000000E+00
  0.96402561E-02 -0.99042736E-02 -0.97462782E-01  0.00000000E+00  0.00000000E+00  0.00000000E+00
  0.16447398E-01 -0.41143839E-01  0.54727766E-02  0.00000000E+00  0.00000000E+00  0.00000000E+00
 -0.84322024E-01  0.37873162E-01 -0.32584555E-01  0.00000000E+00  0.00000000E+00  0.00000000E+00
  0.89752290E-01 -0.34348158E-01  0.17585667E-01  0.00000000E+00  0.00000000E+00  0.00000000E+00
  0.46733923E-01  0.21425108E-01 -0.22851748E-01  0.00000000E+00  0.00000000E+00  0.00000000E+00
 -0.39400272E-01  0.69378266E-02 -0.14573432E-01  0.00000000E+00  0.00000000E+00  0.00000000E+00
 -0.19555956E-01 -0.19273875E-01  0.35295787E-01  0.00000000E+00  0.00000000E+00  0.00000000E+00
 -0.12408280E-01  0.63578607E-01  0.18543310E-01  0.00000000E+00  0.00000000E+00  0.00000000E+00
  0.31384450E-01 -0.83916850E-04 -0.22696822E-01  0.00000000E+00  0.00000000E+00  0.00000000E+00
  0.33096572E-01  0.24795065E-01 -0.36386877E-02  0.00000000E+00  0.00000000E+00  0.00000000E+00
 -0.82221249E-01 -0.29812708E-01  0.33757145E-01  0.00000000E+00  0.00000000E+00  0.00000000E+00
 -0.13690626E-02  0.35150477E-01  0.52640492E-01  0.00000000E+00  0.00000000E+00  0.00000000E+00
  0.22765248E-01  0.47495628E-01  0.28819300E-02  0.00000000E+00  0.00000000E+00  0.00000000E+00
 -0.30184961E-01  0.15183470E-03  0.65972648E-02  0.00000000E+00  0.00000000E+00  0.00000000E+00
  0.34617393E-01 -0.71000873E-01  0.10259524E-01  0.00000000E+00  0.00000000E+00  0.00000000E+00
 -0.30481753E-01 -0.12228967E-01  0.74473986E-02  0.00000000E+00  0.00000000E+00  0.00000000E+00
 -0.50194733E-01 -0.24942272E-01 -0.11281595E-01  0.00000000E+00  0.00000000E+00  0.00000000E+00
  0.23154502E-01  0.18599753E-01  0.69750372E-01  0.00000000E+00  0.00000000E+00  0.00000000E+00
 -0.10734953E-01 -0.58200917E-03 -0.90857297E-01  0.00000000E+00  0.00000000E+00  0.00000000E+00
  0.40733372E-01 -0.73981119E-01 -0.60600014E-02  0.00000000E+00  0.00000000E+00  0.00000000E+00
 -0.19766025E-01  0.19195825E-01  0.69280357E-01  0.00000000E+00  0.00000000E+00  0.00000000E+00
 -0.55589728E-01 -0.75485051E-02 -0.87873101E-01  0.00000000E+00  0.00000000E+00  0.00000000E+00
  0.61521391E-02 -0.11341873E-02  0.78101226E-01  0.00000000E+00  0.00000000E+00  0.00000000E+00
  0.59406119E-02 -0.19587265E-01  0.54508497E-01  0.00000000E+00  0.00000000E+00  0.00000000E+00
 -0.24851204E-01 -0.14242833E-01  0.75510947E-01  0.00000000E+00  0.00000000E+00  0.00000000E+00
  0.12176996E-01  0.91999434E-02 -0.10430315E+00  0.00000000E+00  0.00000000E+00  0.00000000E+00
 -0.10975268E-01  0.28573613E-01  0.96446415E-01  0.00000000E+00  0.00000000E+00  0.00000000E+00
 -0.12270234E-02 -0.78549439E-02 -0.13593772E-01  0.00000000E+00  0.00000000E+00  0.00000000E+00
  0.95191205E-01  0.22319212E-01 -0.45869548E-01  0.00000000E+00  0.00000000E+00  0.00000000E+00
 -0.39193902E-01  0.52211292E-03 -0.12959122E-02  0.00000000E+00  0.00000000E+00  0.00000000E+00
 -0.28509475E-01 -0.15758528E-01 -0.59510072E-01  0.00000000E+00  0.00000000E+00  0.00000000E+00
  0.11934576E-02  0.38060841E-01  0.92682750E-01  0.00000000E+00  0.00000000E+00  0.00000000E+00
  0.11733302E-02  0.61224067E-01 -0.60301396E-01  0.00000000E+00  0.00000000E+00  0.00000000E+00
 -0.59566732E-01 -0.40009480E-02 -0.54555456E-01  0.00000000E+00  0.00000000E+00  0.00000000E+00
 -0.18709262E-01 -0.56577736E-03 -0.46534840E-01  0.00000000E+00  0.00000000E+00  0.00000000E+00
  0.45181328E-01  0.49723570E-01  0.40133848E-01  0.00000000E+00  0.00000000E+00  0.00000000E+00
  0.30198959E-01  0.13408938E-01 -0.85445755E-01  0.00000000E+00  0.00000000E+00  0.00000000E+00
 -0.52974772E-01  0.44025614E-01  0.81382443E-02  0.00000000E+00  0.00000000E+00  0.00000000E+00
 -0.20355192E-01 -0.21237711E-01  0.42862849E-02  0.00000000E+00  0.00000000E+00  0.00000000E+00
 -0.18063377E-01 -0.38413014E-01 -0.85332373E-02  0.00000000E+00  0.00000000E+00  0.00000000E+00
 -0.17809086E-01  0.48401221E-01  0.59500495E-01  0.00000000E+00  0.00000000E+00  0.00000000E+00
 -0.35529497E-01 -0.17367216E-01 -0.82851812E-02  0.00000000E+00  0.00000000E+00  0.00000000E+00
  0.24814818E-01 -0.42860342E-01 -0.89377555E-03  0.00000000E+00  0.00000000E+00  0.00000000E+00
  0.94955917E-03 -0.43073811E-01 -0.37081777E-01  0.00000000E+00  0.00000000E+00  0.00000000E+00
  0.43741231E-01 -0.85166539E-01  0.17223489E-01  0.00000000E+00  0.00000000E+00  0.00000000E+00
 -0.55052206E-01 -0.39779422E-02  0.17137034E-01  0.00000000E+00  0.00000000E+00  0.00000000E+00
  0.16898272E-02 -0.53615699E-01 -0.61115144E-01  0.00000000E+00  0.00000000E+00  0.00000000E+00
  0.10135683E+00 -0.11484936E-01 -0.89008845E-01  0.00000000E+00  0.00000000E+00  0.00000000E+00
 -0.59536640E-01 -0.21106368E-01 -0.18211875E-01  0.00000000E+00  0.00000000E+00  0.00000000E+00
 -0.11145101E-01 -0.50946238E-01  0.47788918E-01  0.00000000E+00  0.00000000E+00  0.00000000E+00
  0.43171642E-01  0.11617126E+00 -0.25736243E-02  0.00000000E+00  0.00000000E+00  0.00000000E+00
  0.17179457E-01  0.77233852E-01  0.68511255E-01  0.00000000E+00  0.00000000E+00  0.00000000E+00
  0.47809532E-01  0.15829785E+00  0.83131610E-01  0.00000000E+00  0.00000000E+00  0.00000000E+00
  0.96533916E-01  0.64007589E-01 -0.33487974E-01  0.00000000E+00  0.00000000E+00  0.00000000E+00
  0.11854019E+00  0.51119837E-02 -0.94611595E-01  0.00000000E+00  0.00000000E+00  0.00000000E+00
  0.84658990E-01  0.10727427E-01  0.57988855E-01  0.00000000E+00  0.00000000E+00  0.00000000E+00
 -0.15503968E+00 -0.30196438E-01  0.13587988E+00  0.00000000E+00  0.00000000E+00  0.00000000E+00
  0.48131454E-01  0.15189337E+00  0.10779180E+00  0.00000000E+00  0.00000000E+00  0.00000000E+00
  0.29905283E-01  0.72482542E-03  0.59730023E-02  0.00000000E+00  0.00000000E+00  0.00000000E+00
 -0.86971835E-01  0.86256392E-02  0.12325703E+00  0.00000000E+00  0.00000000E+00  0.00000000E+00
  0.16219047E+00  0.15651197E+00 -0.30990551E-01  0.00000000E+00  0.00000000E+00  0.00000000E+00
  0.10384359E+00 -0.75052075E-01 -0.86208870E-01  0.00000000E+00  0.00000000E+00  0.00000000E+00
 -0.11549260E+00  0.65084124E-02  0.10773590E+00  0.00000000E+00  0.00000000E+00  0.00000000E+00
 -0.46786561E-01 -0.11932633E+00 -0.15169693E+00  0.00000000E+00  0.00000000E+00  0.00000000E+00
 -0.37057759E-01 -0.22017485E-01 -0.10719652E+00  0.00000000E+00  0.00000000E+00  0.00000000E+00
  0.18433792E-01 -0.10295026E-01  0.53254500E-01  0.00000000E+00  0.00000000E+00  0.00000000E+00
 -0.13767233E+00  0.77653034E-01  0.18210774E+00  0.00000000E+00  0.00000000E+00  0.00000000E+00
  0.40552921E-01  0.85768206E-01  0.13438608E+00  0.00000000E+00  0.00000000E+00  0.00000000E+00
  0.11865551E+00  0.66519166E-01  0.12941436E-01  0.00000000E+00  0.00000000E+00  0.00000000E+00
  0.12359019E+00  0.74717834E-02  0.92624549E-01  0.00000000E+00  0.00000000E+00  0.00000000E+00
 -0.20447134E+00  0.36136530E-01  0.24737773E+00  0.00000000E+00  0.00000000E+00  0.00000000E+00
  0.19982087E+00  0.94657242E-01 -0.13504140E+00  0.00000000E+00  0.00000000E+00  0.00000000E+00
  0.72154349E-01  0.20793148E+00  0.67756554E-01  0.00000000E+00  0.00000000E+00  0.00000000E+00
  0.19096099E+00  0.45935588E-01 -0.15062561E+00  0.00000000E+00  0.00000000E+00  0.00000000E+00
 -0.12357599E+00 -0.57739061E-01  0.84269512E-01  0.00000000E+00  0.00000000E+00  0.00000000E+00
 -0.10377197E+00  0.22714475E-01  0.66807743E-01  0.00000000E+00  0.00000000E+00  0.00000000E+00
 -0.10614003E+00 -0.22561637E+00 -0.14569080E+00  0.00000000E+00  0.00000000E+00  0.00000000E+00
 -0.17205392E+00 -0.17274063E+00 -0.37554786E-01  0.00000000E+00  0.00000000E+00  0.00000000E+00
  0.54428479E-01  0.17524367E+00  0.93668498E-01  0.00000000E+00  0.00000000E+00  0.00000000E+00
  0.11476324E+00  0.22557156E+00  0.21467811E-01  0.00000000E+00  0.00000000E+00  0.00000000E+00
  0.29550892E-01 -0.59738520E-01  0.24573046E-02  0.00000000E+00  0.00000000E+00  0.00000000E+00
 -0.37542091E-02 -0.23029801E+00 -0.14562407E+00  0.00000000E+00  0.00000000E+00  0.00000000E+00
 -0.31863488E-01 -0.18346596E+00 -0.60966100E-01  0.00000000E+00  0.00000000E+00  0.00000000E+00
 -0.12399565E+00 -0.16345708E+00 -0.72795689E-01  0.00000000E+00  0.00000000E+00  0.00000000E+00
  0.23363143E+00  0.41546582E-02 -0.25852136E+00  0.00000000E+00  0.00000000E+00  0.00000000E+00
  0.62919118E-02 -0.13341135E+00 -0.93189329E-01  0.00000000E+00  0.00000000E+00  0.00000000E+00
  0.46195099E-01 -0.70758379E-01  0.73626546E-01  0.00000000E+00  0.00000000E+00  0.00000000E+00
  0.40984417E-01  0.10049201E+00  0.12475664E+00  0.00000000E+00  0.00000000E+00  0.00000000E+00
  0.20287493E-01 -0.95067078E-01  0.97195413E-01  0.00000000E+00  0.00000000E+00  0.00000000E+00
  0.85473245E-01  0.22134156E+00  0.13942098E+00  0.00000000E+00  0.00000000E+00  0.00000000E+00
 -0.17489135E+00  0.15578319E-01  0.58055937E-01  0.00000000E+00  0.00000000E+00  0.00000000E+00
 -0.22251013E+00 -0.30534553E-01  0.24199793E+00  0.00000000E+00  0.00000000E+00  0.00000000E+00
 -0.74878133E-01  0.14190144E+00 -0.12329717E-01  0.00000000E+00  0.00000000E+00  0.00000000E+00
  0.17887460E+00  0.24433314E+00  0.12085600E+00  0.00000000E+00  0.00000000E+00  0.00000000E+00
 -0.86739297E-01  0.51282752E-01  0.24003448E+00  0.00000000E+00  0.00000000E+00  0.00000000E+00
 -0.96568642E-01 -0.15227264E+00 -0.11448655E+00  0.00000000E+00  0.00000000E+00  0.00000000E+00
  0.94424698E-01  0.82715185E-01  0.37692867E-02  0.00000000E+00  0.00000000E+00  0.00000000E+00
 -0.31551363E-01 -0.49737853E-01 -0.73876405E-01  0.00000000E+00  0.00000000E+00  0.00000000E+00
  0.97813592E-01  0.30327241E+00  0.11124823E+00  0.00000000E+00  0.00000000E+00  0.00000000E+00
  0.29549345E+00 -0.31814008E-01 -0.26705885E+00  0.00000000E+00  0.00000000E+00  0.00000000E+00
  0.69772249E-01  0.30880181E-01  0.75297922E-02  0.00000000E+00  0.00000000E+00  0.00000000E+00
  0.11002627E-01  0.11174200E+00  0.22106151E+00  0.00000000E+00  0.00000000E+00  0.00000000E+00
  0.24844489E+00  0.17924565E+00 -0.11190274E+00  0.00000000E+00  0.00000000E+00  0.00000000E+00
 -0.24990030E+00 -0.78038874E-01  0.18415791E+00  0.00000000E+00  0.00000000E+00  0.00000000E+00
  0.24636821E+00  0.20974357E-01 -0.15906743E+00  0.00000000E+00  0.00000000E+00  0.00000000E+00
  0.12557600E+00 -0.68750388E-02 -0.74162530E-01  0.00000000E+00  0.00000000E+00  0.00000000E+00
  0.37328099E-02 -0.51251849E-01 -0.61574360E-01  0.00000000E+00  0.00000000E+00  0.00000000E+00
 -0.13031993E+00 -0.16721046E+00  0.59721613E-01  0.00000000E+00  0.00000000E+00  0.00000000E+00
 -0.83349644E-01  0.13414930E+00  0.13258443E-01  0.00000000E+00  0.00000000E+00  0.00000000E+00
  0.15220743E+00  0.60356939E-02 -0.92204471E-01  0.00000000E+00  0.00000000E+00  0.00000000E+00
 -0.72020686E-01  0.19273873E-01  0.52732192E-01  0.00000000E+00  0.00000000E+00  0.00000000E+00
 -0.13000190E+00 -0.20313820E+00 -0.18757922E+00  0.00000000E+00  0.00000000E+00  0.00000000E+00
  0.10246132E+00 -0.13696586E+00 -0.17407048E+00  0.00000000E+00  0.00000000E+00  0.00000000E+00
  0.88723459E-02 -0.20867293E-02  0.58430780E-01  0.00000000E+00  0.00000000E+00  0.00000000E+00
  0.15142130E+00  0.11069398E+00  0.49489699E-01  0.00000000E+00  0.00000000E+00  0.00000000E+00
  0.16196939E-01 -0.10897680E+00  0.36947533E-01  0.00000000E+00  0.00000000E+00  0.00000000E+00
 -0.36544608E-03 -0.22246345E+00 -0.23407885E+00  0.00000000E+00  0.00000000E+00  0.00000000E+00
 -0.96261665E-02  0.39967082E-01  0.13095598E+00  0.00000000E+00  0.00000000E+00  0.00000000E+00
  0.21654565E+00 -0.14606915E-04 -0.26098837E+00  0.00000000E+00  0.00000000E+00  0.00000000E+00
 -0.22086960E+00 -0.34506955E+00 -0.76936664E-01  0.00000000E+00  0.00000000E+00  0.00000000E+00
  0.15008966E+00 -0.78828335E-01  0.32055018E-01  0.00000000E+00  0.00000000E+00  0.00000000E+00
 -0.11399703E+00 -0.14531718E+00 -0.74905739E-02  0.00000000E+00  0.00000000E+00  0.00000000E+00
 -0.45540752E-01  0.26907540E+00  0.20810404E+00  0.00000000E+00  0.00000000E+00  0.00000000E+00
  0.26315815E-01 -0.14531760E+00 -0.48110634E-01  0.00000000E+00  0.00000000E+00  0.00000000E+00
  0.19266622E+00  0.84565844E-02 -0.13548281E+00  0.00000000E+00  0.00000000E+00  0.00000000E+00
 -0.70854910E-01 -0.12549832E+00 -0.13935374E+00  0.00000000E+00  0.00000000E+00  0.00000000E+00
 -0.28902097E-01  0.10674371E+00  0.34011895E-01  0.00000000E+00  0.00000000E+00  0.00000000E+00
  0.14547497E+00  0.16070256E+00 -0.47227269E-01  0.00000000E+00  0.00000000E+00  0.00000000E+00
  0.12250290E+00  0.57340434E-01 -0.15941118E+00  0.00000000E+00  0.00000000E+00  0.00000000E+00
 -0.23069518E+00 -0.12893100E+00  0.21059548E+00  0.00000000E+00  0.00000000E+00  0.00000000E+00
 -0.35048103E-01  0.18798365E+00  0.23069092E+00  0.00000000E+00  0.00000000E+00  0.00000000E+00
  0.11067050E+00 -0.19246528E+00 -0.35592783E+00  0.00000000E+00  0.00000000E+00  0.00000000E+00
  0.15454680E+00  0.38832139E-01  0.44213577E-01  0.00000000E+00  0.00000000E+00  0.00000000E+00
  0.20055367E+00  0.12044033E-01 -0.21761811E+00  0.00000000E+00  0.00000000E+00  0.00000000E+00
  0.54013298E-01  0.59500476E-02  0.94378762E-01  0.00000000E+00  0.00000000E+00  0.00000000E+00
 -0.13475350E+00 -0.16063564E+00 -0.18855980E-01  0.00000000E+00  0.00000000E+00  0.00000000E+00
  0.15910837E+00  0.36491687E-01 -0.16137755E-01  0.00000000E+00  0.00000000E+00  0.00000000E+00
 -0.27541984E+00 -0.16146285E+00  0.28540064E-01  0.00000000E+00  0.00000000E+00  0.00000000E+00
  0.95087303E-01 -0.70895503E-01 -0.14050951E-01  0.00000000E+00  0.00000000E+00  0.00000000E+00
 -0.18947005E+00 -0.16418197E+00 -0.14263737E+00  0.00000000E+00  0.00000000E+00  0.00000000E+00
  0.17072344E-01  0.25952298E-01 -0.16189269E+00  0.00000000E+00  0.00000000E+00  0.00000000E+00
  0.97226574E-01  0.57109624E-01  0.11832361E-01  0.00000000E+00  0.00000000E+00  0.00000000E+00
  0.25959731E+00  0.17286344E+00 -0.15993503E+00  0.00000000E+00  0.00000000E+00  0.00000000E+00
  0.74016258E-01 -0.21221260E+00 -0.15863202E+00  0.00000000E+00  0.00000000E+00  0.00000000E+00
  0.29665530E+00  0.31065659E+00 -0.60791157E-01  0.00000000E+00  0.00000000E+00  0.00000000E+00
 -0.24810693E+00 -0.31013425E+00 -0.57444393E-01  0.00000000E+00  0.00000000E+00  0.00000000E+00
  0.16898272E-02 -0.88432183E-01 -0.77927323E-01  0.00000000E+00  0.00000000E+00  0.00000000E+00
  0.10135683E+00 -0.21261446E-01  0.22642448E-01  0.00000000E+00  0.00000000E+00  0.00000000E+00
 -0.59536640E-01  0.97724579E-01 -0.62591546E-01  0.00000000E+00  0.00000000E+00  0.00000000E+00
 -0.11145101E-01  0.66957033E-01  0.35232738E-01  0.00000000E+00  0.00000000E+00  0.00000000E+00
  0.43171642E-01  0.53109453E-01  0.67261423E-01  0.00000000E+00  0.00000000E+00  0.00000000E+00
  0.17179457E-01 -0.19547954E-01 -0.52009705E-01  0.00000000E+00  0.00000000E+00  0.00000000E+00
  0.47782478E-01 -0.15829733E+00 -0.83154204E-01  0.00000000E+00  0.00000000E+00  0.00000000E+00
 -0.96648902E-01  0.63899782E-01 -0.33701074E-01  0.00000000E+00  0.00000000E+00  0.00000000E+00
 -0.11830853E+00  0.52994997E-02 -0.94824365E-01  0.00000000E+00  0.00000000E+00  0.00000000E+00
  0.85464325E-01 -0.10854956E-01 -0.57352283E-01  0.00000000E+00  0.00000000E+00  0.00000000E+00
 -0.15462142E+00  0.29860979E-01 -0.13587419E+00  0.00000000E+00  0.00000000E+00  0.00000000E+00
 -0.48018592E-01  0.15174070E+00  0.10774328E+00  0.00000000E+00  0.00000000E+00  0.00000000E+00
 -0.30706602E-01  0.80750948E-03  0.49674356E-02  0.00000000E+00  0.00000000E+00  0.00000000E+00
 -0.86442219E-01 -0.85341525E-02 -0.12294897E+00  0.00000000E+00  0.00000000E+00  0.00000000E+00
 -0.16285945E+00  0.15651692E+00 -0.31736509E-01  0.00000000E+00  0.00000000E+00  0.00000000E+00
  0.10413221E+00  0.74853837E-01  0.86382186E-01  0.00000000E+00  0.00000000E+00  0.00000000E+00
  0.11593696E+00  0.61708696E-02  0.10799167E+00  0.00000000E+00  0.00000000E+00  0.00000000E+00
 -0.46927244E-01  0.11957092E+00  0.15178447E+00  0.00000000E+00  0.00000000E+00  0.00000000E+00
  0.37083731E-01 -0.21901245E-01 -0.10707457E+00  0.00000000E+00  0.00000000E+00  0.00000000E+00
 -0.18584719E-01 -0.10146539E-01  0.53182454E-01  0.00000000E+00  0.00000000E+00  0.00000000E+00
  0.13780674E+00  0.77004845E-01  0.18186659E+00  0.00000000E+00  0.00000000E+00  0.00000000E+00
 -0.41568529E-01  0.86210479E-01  0.13339955E+00  0.00000000E+00  0.00000000E+00  0.00000000E+00
  0.11844705E+00 -0.66626869E-01 -0.13178162E-01  0.00000000E+00  0.00000000E+00  0.00000000E+00
  0.12425471E+00 -0.78469872E-02 -0.92220282E-01  0.00000000E+00  0.00000000E+00  0.00000000E+00
  0.18269463E+00  0.45025626E-01  0.23156791E+00  0.00000000E+00  0.00000000E+00  0.00000000E+00
  0.21933365E+00 -0.89683267E-01  0.16034975E+00  0.00000000E+00  0.00000000E+00  0.00000000E+00
  0.72437885E-01 -0.20748315E+00 -0.67068416E-01  0.00000000E+00  0.00000000E+00  0.00000000E+00
 -0.17694614E+00  0.39441099E-01 -0.14105060E+00  0.00000000E+00  0.00000000E+00  0.00000000E+00
 -0.14242601E+00  0.61030570E-01 -0.10071701E+00  0.00000000E+00  0.00000000E+00  0.00000000E+00
  0.10334829E+00  0.24607214E-01  0.67950046E-01  0.00000000E+00  0.00000000E+00  0.00000000E+00
  0.10692892E+00 -0.22574105E+00 -0.14480185E+00  0.00000000E+00  0.00000000E+00  0.00000000E+00
  0.17352063E+00 -0.17366333E+00 -0.36275932E-01  0.00000000E+00  0.00000000E+00  0.00000000E+00
 -0.86286849E-02 -0.40857817E-01 -0.70610458E-01  0.00000000E+00  0.00000000E+00  0.00000000E+00
 -0.12568271E+00  0.28219229E+00  0.65695381E-01  0.00000000E+00  0.00000000E+00  0.00000000E+00
 -0.30587815E-01 -0.55954874E-01  0.33847324E-02  0.00000000E+00  0.00000000E+00  0.00000000E+00
 -0.35349281E-02  0.23034366E+00  0.14579650E+00  0.00000000E+00  0.00000000E+00  0.00000000E+00
 -0.30798600E-01  0.18391973E+00  0.61373000E-01  0.00000000E+00  0.00000000E+00  0.00000000E+00
 -0.12411051E+00  0.16353664E+00  0.72620753E-01  0.00000000E+00  0.00000000E+00  0.00000000E+00
  0.23442783E+00 -0.54375449E-02  0.25856862E+00  0.00000000E+00  0.00000000E+00  0.00000000E+00
  0.57741575E-02  0.13344067E+00  0.94157462E-01  0.00000000E+00  0.00000000E+00  0.00000000E+00
 -0.46404256E-01 -0.71845165E-01  0.72994272E-01  0.00000000E+00  0.00000000E+00  0.00000000E+00
 -0.39394836E-01  0.10027454E+00  0.12624265E+00  0.00000000E+00  0.00000000E+00  0.00000000E+00
 -0.24372749E-01 -0.93838520E-01  0.93151754E-01  0.00000000E+00  0.00000000E+00  0.00000000E+00
 -0.85349086E-01  0.22037838E+00  0.13810456E+00  0.00000000E+00  0.00000000E+00  0.00000000E+00
 -0.17496947E+00 -0.14779952E-01 -0.58340512E-01  0.00000000E+00  0.00000000E+00  0.00000000E+00
 -0.22301473E+00  0.32453798E-01 -0.24293777E+00  0.00000000E+00  0.00000000E+00  0.00000000E+00
  0.78278870E-01  0.14179507E+00 -0.64195210E-02  0.00000000E+00  0.00000000E+00  0.00000000E+00
  0.17589005E+00 -0.24371130E+00 -0.12260909E+00  0.00000000E+00  0.00000000E+00  0.00000000E+00
 -0.83478553E-01 -0.50023922E-01 -0.24194081E+00  0.00000000E+00  0.00000000E+00  0.00000000E+00
  0.94951267E-01 -0.15168085E+00 -0.11556802E+00  0.00000000E+00  0.00000000E+00  0.00000000E+00
 -0.93165758E-01  0.84947417E-01  0.74936379E-02  0.00000000E+00  0.00000000E+00  0.00000000E+00
  0.31869398E-01 -0.47452504E-01 -0.69598835E-01  0.00000000E+00  0.00000000E+00  0.00000000E+00
  0.95612659E-01 -0.30464372E+00 -0.11314703E+00  0.00000000E+00  0.00000000E+00  0.00000000E+00
 -0.29680662E+00 -0.13768487E-01 -0.23755727E+00  0.00000000E+00  0.00000000E+00  0.00000000E+00
 -0.58825078E-01 -0.40069703E-01 -0.11601280E+00  0.00000000E+00  0.00000000E+00  0.00000000E+00
  0.11093863E-01 -0.11270824E+00 -0.22163590E+00  0.00000000E+00  0.00000000E+00  0.00000000E+00
  0.23681285E+00 -0.17660607E+00  0.10294734E+00  0.00000000E+00  0.00000000E+00  0.00000000E+00
  0.26037434E+00 -0.86971834E-01  0.18816621E+00  0.00000000E+00  0.00000000E+00  0.00000000E+00
 -0.24326903E+00  0.24980288E-01 -0.15495682E+00  0.00000000E+00  0.00000000E+00  0.00000000E+00
  0.13151640E+00  0.50146612E-02  0.76909852E-01  0.00000000E+00  0.00000000E+00  0.00000000E+00
 -0.34128114E-02 -0.49766859E-01 -0.59746281E-01  0.00000000E+00  0.00000000E+00  0.00000000E+00
 -0.13329950E+00  0.16492873E+00 -0.58629564E-01  0.00000000E+00  0.00000000E+00  0.00000000E+00
  0.82287419E-01  0.13668409E+00  0.10903647E-01  0.00000000E+00  0.00000000E+00  0.00000000E+00
  0.16039459E+00 -0.78771157E-02  0.96649501E-01  0.00000000E+00  0.00000000E+00  0.00000000E+00
 -0.60022004E-01 -0.38225983E-01 -0.70110100E-01  0.00000000E+00  0.00000000E+00  0.00000000E+00
  0.13666174E+00 -0.20080511E+00 -0.18054203E+00  0.00000000E+00  0.00000000E+00  0.00000000E+00
 -0.99558334E-01 -0.13773082E+00 -0.17472130E+00  0.00000000E+00  0.00000000E+00  0.00000000E+00
  0.74360983E-02  0.13788105E-02 -0.60788658E-01  0.00000000E+00  0.00000000E+00  0.00000000E+00
 -0.14784553E+00  0.11345836E+00  0.46907802E-01  0.00000000E+00  0.00000000E+00  0.00000000E+00
  0.25861707E-01  0.10056845E+00 -0.37643637E-01  0.00000000E+00  0.00000000E+00  0.00000000E+00
 -0.10399750E-02  0.22300154E+00  0.23380923E+00  0.00000000E+00  0.00000000E+00  0.00000000E+00
 -0.89616091E-02 -0.32298745E-01 -0.12543058E+00  0.00000000E+00  0.00000000E+00  0.00000000E+00
 -0.21707575E+00 -0.42519313E-02 -0.25946063E+00  0.00000000E+00  0.00000000E+00  0.00000000E+00
  0.21491045E+00 -0.33879745E+00 -0.78019685E-01  0.00000000E+00  0.00000000E+00  0.00000000E+00
  0.14677205E+00  0.76686000E-01 -0.37523048E-01  0.00000000E+00  0.00000000E+00  0.00000000E+00
  0.10076976E+00 -0.19652106E+00 -0.51612736E-01  0.00000000E+00  0.00000000E+00  0.00000000E+00
 -0.70411375E-01 -0.23333281E+00 -0.20422490E+00  0.00000000E+00  0.00000000E+00  0.00000000E+00
 -0.26591585E-01 -0.14441921E+00 -0.47136579E-01  0.00000000E+00  0.00000000E+00  0.00000000E+00
  0.20234161E+00 -0.36148337E-01  0.99292006E-01  0.00000000E+00  0.00000000E+00  0.00000000E+00
  0.21156762E-01 -0.11938902E+00 -0.16778761E+00  0.00000000E+00  0.00000000E+00  0.00000000E+00
  0.28722856E-01  0.10658708E+00  0.33887881E-01  0.00000000E+00  0.00000000E+00  0.00000000E+00
 -0.14266566E+00  0.15840200E+00 -0.46974543E-01  0.00000000E+00  0.00000000E+00  0.00000000E+00
 -0.91767261E-01  0.44602427E-01 -0.13135647E+00  0.00000000E+00  0.00000000E+00  0.00000000E+00
 -0.23937043E+00  0.13119912E+00 -0.22602268E+00  0.00000000E+00  0.00000000E+00  0.00000000E+00
 -0.37325417E-01 -0.19757207E+00 -0.24295886E+00  0.00000000E+00  0.00000000E+00  0.00000000E+00
 -0.10746663E+00 -0.18235756E+00 -0.34335609E+00  0.00000000E+00  0.00000000E+00  0.00000000E+00
  0.14595850E+00 -0.38536926E-01 -0.55779534E-01  0.00000000E+00  0.00000000E+00  0.00000000E+00
 -0.20842905E+00  0.17465120E-01 -0.21033569E+00  0.00000000E+00  0.00000000E+00  0.00000000E+00
 -0.59045320E-01  0.92951289E-04  0.92420756E-01  0.00000000E+00  0.00000000E+00  0.00000000E+00
 -0.13135760E+00  0.16579125E+00  0.24242186E-01  0.00000000E+00  0.00000000E+00  0.00000000E+00
  0.14878189E+00 -0.29639984E-01  0.21307328E-01  0.00000000E+00  0.00000000E+00  0.00000000E+00
 -0.26490216E+00  0.15834162E+00 -0.20397454E-01  0.00000000E+00  0.00000000E+00  0.00000000E+00
  0.97152418E-01  0.69426982E-01  0.25055406E-01  0.00000000E+00  0.00000000E+00  0.00000000E+00
  0.19824476E+00 -0.16506949E+00 -0.13898436E+00  0.00000000E+00  0.00000000E+00  0.00000000E+00
  0.16962128E-01 -0.31419943E-01  0.16024136E+00  0.00000000E+00  0.00000000E+00  0.00000000E+00
  0.10000525E+00 -0.59436385E-01 -0.97553763E-02  0.00000000E+00  0.00000000E+00  0.00000000E+00
 -0.27319435E+00  0.18117646E+00 -0.16314679E+00  0.00000000E+00  0.00000000E+00  0.00000000E+00
  0.77128753E-01  0.21196389E+00  0.16267135E+00  0.00000000E+00  0.00000000E+00  0.00000000E+00
 -0.29063646E+00  0.30203982E+00 -0.57870428E-01  0.00000000E+00  0.00000000E+00  0.00000000E+00
 -0.25181769E+00  0.31138446E+00  0.53850745E-01  0.00000000E+00  0.00000000E+00  0.00000000E+00
  0.16418243E-01  0.96338684E-01 -0.77927323E-01  0.00000000E+00  0.00000000E+00  0.00000000E+00
  0.35440120E-02 -0.20038618E-02  0.22642448E-01  0.00000000E+00  0.00000000E+00  0.00000000E+00
 -0.20657548E-01  0.83316613E-01 -0.62591546E-01  0.00000000E+00  0.00000000E+00  0.00000000E+00
 -0.14518021E-03  0.78869238E-01  0.35232738E-01  0.00000000E+00  0.00000000E+00  0.00000000E+00
 -0.18007794E-01 -0.19043665E-02  0.67261423E-01  0.00000000E+00  0.00000000E+00  0.00000000E+00
  0.12276261E+00 -0.55295349E-01 -0.52009705E-01  0.00000000E+00  0.00000000E+00  0.00000000E+00
 -0.47782478E-01  0.15829733E+00 -0.83154204E-01  0.00000000E+00  0.00000000E+00  0.00000000E+00
 -0.96648902E-01  0.63899782E-01  0.33701074E-01  0.00000000E+00  0.00000000E+00  0.00000000E+00
  0.11830853E+00 -0.52994996E-02 -0.94824365E-01  0.00000000E+00  0.00000000E+00  0.00000000E+00
 -0.85464325E-01  0.10854956E-01 -0.57352283E-01  0.00000000E+00  0.00000000E+00  0.00000000E+00
  0.15462142E+00 -0.29860979E-01 -0.13587419E+00  0.00000000E+00  0.00000000E+00  0.00000000E+00
 -0.48018592E-01  0.15174070E+00 -0.10774328E+00  0.00000000E+00  0.00000000E+00  0.00000000E+00
 -0.30706602E-01  0.80750968E-03 -0.49674356E-02  0.00000000E+00  0.00000000E+00  0.00000000E+00
 -0.86442219E-01 -0.85341530E-02  0.12294897E+00  0.00000000E+00  0.00000000E+00  0.00000000E+00
  0.16285945E+00 -0.15651692E+00 -0.31736508E-01  0.00000000E+00  0.00000000E+00  0.00000000E+00
  0.10413221E+00  0.74853836E-01 -0.86382186E-01  0.00000000E+00  0.00000000E+00  0.00000000E+00
  0.11593696E+00  0.61708695E-02 -0.10799167E+00  0.00000000E+00  0.00000000E+00  0.00000000E+00
 -0.46927244E-01  0.11957092E+00 -0.15178447E+00  0.00000000E+00  0.00000000E+00  0.00000000E+00
 -0.37083732E-01  0.21901247E-01 -0.10707457E+00  0.00000000E+00  0.00000000E+00  0.00000000E+00
 -0.18584719E-01 -0.10146539E-01 -0.53182454E-01  0.00000000E+00  0.00000000E+00  0.00000000E+00
 -0.13780674E+00 -0.77004845E-01  0.18186659E+00  0.00000000E+00  0.00000000E+00  0.00000000E+00
  0.41568529E-01 -0.86210479E-01  0.13339955E+00  0.00000000E+00  0.00000000E+00  0.00000000E+00
  0.11844705E+00 -0.66626869E-01  0.13178163E-01  0.00000000E+00  0.00000000E+00  0.00000000E+00
 -0.12425471E+00  0.78469870E-02 -0.92220282E-01  0.00000000E+00  0.00000000E+00  0.00000000E+00
  0.18269463E+00  0.45025625E-01 -0.23156791E+00  0.00000000E+00  0.00000000E+00  0.00000000E+00
  0.21933365E+00 -0.89683267E-01 -0.16034975E+00  0.00000000E+00  0.00000000E+00  0.00000000E+00
 -0.72437877E-01  0.20748314E+00 -0.67068423E-01  0.00000000E+00  0.00000000E+00  0.00000000E+00
 -0.17694615E+00  0.39441110E-01  0.14105060E+00  0.00000000E+00  0.00000000E+00  0.00000000E+00
 -0.14242601E+00  0.61030566E-01  0.10071701E+00  0.00000000E+00  0.00000000E+00  0.00000000E+00
 -0.10334828E+00 -0.24607216E-01  0.67950045E-01  0.00000000E+00  0.00000000E+00  0.00000000E+00
  0.10692892E+00 -0.22574105E+00  0.14480185E+00  0.00000000E+00  0.00000000E+00  0.00000000E+00
  0.17352063E+00 -0.17366333E+00  0.36275932E-01  0.00000000E+00  0.00000000E+00  0.00000000E+00
  0.86286851E-02  0.40857816E-01 -0.70610457E-01  0.00000000E+00  0.00000000E+00  0.00000000E+00
  0.12568271E+00 -0.28219229E+00  0.65695381E-01  0.00000000E+00  0.00000000E+00  0.00000000E+00
 -0.30587815E-01 -0.55954873E-01 -0.33847327E-02  0.00000000E+00  0.00000000E+00  0.00000000E+00
 -0.35349276E-02  0.23034366E+00 -0.14579650E+00  0.00000000E+00  0.00000000E+00  0.00000000E+00
 -0.30798600E-01  0.18391973E+00 -0.61372999E-01  0.00000000E+00  0.00000000E+00  0.00000000E+00
 -0.12411051E+00  0.16353664E+00 -0.72620754E-01  0.00000000E+00  0.00000000E+00  0.00000000E+00
 -0.23442783E+00  0.54375458E-02  0.25856862E+00  0.00000000E+00  0.00000000E+00  0.00000000E+00
 -0.57741576E-02 -0.13344067E+00  0.94157462E-01  0.00000000E+00  0.00000000E+00  0.00000000E+00
 -0.46404257E-01 -0.71845168E-01 -0.72994267E-01  0.00000000E+00  0.00000000E+00  0.00000000E+00
  0.39394836E-01 -0.10027454E+00  0.12624265E+00  0.00000000E+00  0.00000000E+00  0.00000000E+00
  0.24372750E-01  0.93838520E-01  0.93151754E-01  0.00000000E+00  0.00000000E+00  0.00000000E+00
 -0.85349085E-01  0.22037838E+00 -0.13810456E+00  0.00000000E+00  0.00000000E+00  0.00000000E+00
 -0.17496947E+00 -0.14779950E-01  0.58340511E-01  0.00000000E+00  0.00000000E+00  0.00000000E+00
  0.22301481E+00 -0.32453659E-01 -0.24293777E+00  0.00000000E+00  0.00000000E+00  0.00000000E+00
  0.78278650E-01  0.14179510E+00  0.64197573E-02  0.00000000E+00  0.00000000E+00  0.00000000E+00
 -0.17589005E+00  0.24371130E+00 -0.12260909E+00  0.00000000E+00  0.00000000E+00  0.00000000E+00
 -0.83478552E-01 -0.50023921E-01  0.24194081E+00  0.00000000E+00  0.00000000E+00  0.00000000E+00
 -0.94951268E-01  0.15168085E+00 -0.11556801E+00  0.00000000E+00  0.00000000E+00  0.00000000E+00
  0.93165758E-01 -0.84947418E-01  0.74936379E-02  0.00000000E+00  0.00000000E+00  0.00000000E+00
  0.31869403E-01 -0.47452505E-01  0.69598831E-01  0.00000000E+00  0.00000000E+00  0.00000000E+00
 -0.95612658E-01  0.30464372E+00 -0.11314703E+00  0.00000000E+00  0.00000000E+00  0.00000000E+00
  0.29680661E+00  0.13768487E-01 -0.23755727E+00  0.00000000E+00  0.00000000E+00  0.00000000E+00
  0.58825078E-01  0.40069699E-01 -0.11601280E+00  0.00000000E+00  0.00000000E+00  0.00000000E+00
  0.11093858E-01 -0.11270824E+00  0.22163591E+00  0.00000000E+00  0.00000000E+00  0.00000000E+00
  0.23681285E+00 -0.17660607E+00 -0.10294734E+00  0.00000000E+00  0.00000000E+00  0.00000000E+00
  0.26037434E+00 -0.86971834E-01 -0.18816621E+00  0.00000000E+00  0.00000000E+00  0.00000000E+00
  0.24326903E+00 -0.24980288E-01 -0.15495682E+00  0.00000000E+00  0.00000000E+00  0.00000000E+00
 -0.13151639E+00 -0.50146625E-02  0.76909848E-01  0.00000000E+00  0.00000000E+00  0.00000000E+00
 -0.34128102E-02 -0.49766859E-01  0.59746280E-01  0.00000000E+00  0.00000000E+00  0.00000000E+00
 -0.13329951E+00  0.16492874E+00  0.58629564E-01  0.00000000E+00  0.00000000E+00  0.00000000E+00
  0.82287418E-01  0.13668409E+00 -0.10903647E-01  0.00000000E+00  0.00000000E+00  0.00000000E+00
 -0.16039460E+00  0.78771171E-02  0.96649503E-01  0.00000000E+00  0.00000000E+00  0.00000000E+00
  0.60022003E-01  0.38225982E-01 -0.70110100E-01  0.00000000E+00  0.00000000E+00  0.00000000E+00
 -0.13666174E+00  0.20080511E+00 -0.18054203E+00  0.00000000E+00  0.00000000E+00  0.00000000E+00
  0.99558336E-01  0.13773082E+00 -0.17472130E+00  0.00000000E+00  0.00000000E+00  0.00000000E+00
  0.74360999E-02  0.13788113E-02  0.60788658E-01  0.00000000E+00  0.00000000E+00  0.00000000E+00
 -0.14784553E+00  0.11345835E+00 -0.46907800E-01  0.00000000E+00  0.00000000E+00  0.00000000E+00
  0.25861705E-01  0.10056845E+00  0.37643638E-01  0.00000000E+00  0.00000000E+00  0.00000000E+00
 -0.10399756E-02  0.22300154E+00 -0.23380923E+00  0.00000000E+00  0.00000000E+00  0.00000000E+00
  0.89616109E-02  0.32298749E-01 -0.12543059E+00  0.00000000E+00  0.00000000E+00  0.00000000E+00
 -0.21707575E+00 -0.42519395E-02  0.25946063E+00  0.00000000E+00  0.00000000E+00  0.00000000E+00
 -0.21491045E+00  0.33879745E+00 -0.78019678E-01  0.00000000E+00  0.00000000E+00  0.00000000E+00
  0.14677205E+00  0.76685993E-01  0.37523049E-01  0.00000000E+00  0.00000000E+00  0.00000000E+00
 -0.10076976E+00  0.19652106E+00 -0.51612737E-01  0.00000000E+00  0.00000000E+00  0.00000000E+00
  0.70411375E-01  0.23333281E+00 -0.20422490E+00  0.00000000E+00  0.00000000E+00  0.00000000E+00
  0.26591578E-01  0.14441921E+00 -0.47136574E-01  0.00000000E+00  0.00000000E+00  0.00000000E+00
  0.20234161E+00 -0.36148335E-01 -0.99292005E-01  0.00000000E+00  0.00000000E+00  0.00000000E+00
  0.21156762E-01 -0.11938902E+00  0.16778761E+00  0.00000000E+00  0.00000000E+00  0.00000000E+00
 -0.28722871E-01 -0.10658707E+00  0.33887892E-01  0.00000000E+00  0.00000000E+00  0.00000000E+00
 -0.14266566E+00  0.15840200E+00  0.46974544E-01  0.00000000E+00  0.00000000E+00  0.00000000E+00
  0.91767259E-01 -0.44602422E-01 -0.13135647E+00  0.00000000E+00  0.00000000E+00  0.00000000E+00
  0.23937043E+00 -0.13119912E+00 -0.22602269E+00  0.00000000E+00  0.00000000E+00  0.00000000E+00
 -0.37325419E-01 -0.19757207E+00  0.24295886E+00  0.00000000E+00  0.00000000E+00  0.00000000E+00
 -0.10746662E+00 -0.18235757E+00  0.34335608E+00  0.00000000E+00  0.00000000E+00  0.00000000E+00
 -0.14595850E+00  0.38536930E-01 -0.55779540E-01  0.00000000E+00  0.00000000E+00  0.00000000E+00
  0.20842905E+00 -0.17465120E-01 -0.21033569E+00  0.00000000E+00  0.00000000E+00  0.00000000E+00
  0.59045323E-01 -0.92953380E-04  0.92420755E-01  0.00000000E+00  0.00000000E+00  0.00000000E+00
  0.13135760E+00 -0.16579125E+00  0.24242185E-01  0.00000000E+00  0.00000000E+00  0.00000000E+00
  0.14878188E+00 -0.29639974E-01 -0.21307330E-01  0.00000000E+00  0.00000000E+00  0.00000000E+00
  0.26490216E+00 -0.15834162E+00 -0.20397452E-01  0.00000000E+00  0.00000000E+00  0.00000000E+00
 -0.97152413E-01 -0.69426983E-01  0.25055408E-01  0.00000000E+00  0.00000000E+00  0.00000000E+00
  0.19824476E+00 -0.16506949E+00  0.13898436E+00  0.00000000E+00  0.00000000E+00  0.00000000E+00
  0.16962139E-01 -0.31419952E-01 -0.16024136E+00  0.00000000E+00  0.00000000E+00  0.00000000E+00
  0.10000524E+00 -0.59436387E-01  0.97553773E-02  0.00000000E+00  0.00000000E+00  0.00000000E+00
  0.27319436E+00 -0.18117647E+00 -0.16314679E+00  0.00000000E+00  0.00000000E+00  0.00000000E+00
 -0.77128767E-01 -0.21196388E+00  0.16267134E+00  0.00000000E+00  0.00000000E+00  0.00000000E+00
 -0.29063647E+00  0.30203982E+00  0.57870418E-01  0.00000000E+00  0.00000000E+00  0.00000000E+00
 -0.25181766E+00  0.31138447E+00 -0.53850753E-01  0.00000000E+00  0.00000000E+00  0.00000000E+00
  0.16418243E-01  0.13115517E+00 -0.61115144E-01  0.00000000E+00  0.00000000E+00  0.00000000E+00
  0.35440120E-02  0.77726479E-02 -0.89008845E-01  0.00000000E+00  0.00000000E+00  0.00000000E+00
 -0.20657548E-01 -0.35514334E-01 -0.18211875E-01  0.00000000E+00  0.00000000E+00  0.00000000E+00
 -0.14518021E-03 -0.39034034E-01  0.47788918E-01  0.00000000E+00  0.00000000E+00  0.00000000E+00
 -0.18007794E-01  0.61157440E-01 -0.25736243E-02  0.00000000E+00  0.00000000E+00  0.00000000E+00
  0.12276261E+00  0.41486457E-01  0.68511255E-01  0.00000000E+00  0.00000000E+00  0.00000000E+00
 -0.47809532E-01 -0.15829785E+00  0.83131610E-01  0.00000000E+00  0.00000000E+00  0.00000000E+00
  0.96533916E-01  0.64007589E-01  0.33487974E-01  0.00000000E+00  0.00000000E+00  0.00000000E+00
 -0.11854019E+00 -0.51119836E-02 -0.94611595E-01  0.00000000E+00  0.00000000E+00  0.00000000E+00
 -0.84658990E-01 -0.10727427E-01  0.57988855E-01  0.00000000E+00  0.00000000E+00  0.00000000E+00
  0.15503968E+00  0.30196438E-01  0.13587988E+00  0.00000000E+00  0.00000000E+00  0.00000000E+00
  0.48131453E-01  0.15189337E+00 -0.10779180E+00  0.00000000E+00  0.00000000E+00  0.00000000E+00
  0.29905283E-01  0.72482559E-03 -0.59730023E-02  0.00000000E+00  0.00000000E+00  0.00000000E+00
 -0.86971835E-01  0.86256387E-02 -0.12325703E+00  0.00000000E+00  0.00000000E+00  0.00000000E+00
 -0.16219047E+00 -0.15651196E+00 -0.30990551E-01  0.00000000E+00  0.00000000E+00  0.00000000E+00
  0.10384359E+00 -0.75052076E-01  0.86208869E-01  0.00000000E+00  0.00000000E+00  0.00000000E+00
 -0.11549260E+00  0.65084122E-02 -0.10773590E+00  0.00000000E+00  0.00000000E+00  0.00000000E+00
 -0.46786562E-01 -0.11932633E+00  0.15169693E+00  0.00000000E+00  0.00000000E+00  0.00000000E+00
  0.37057758E-01  0.22017483E-01 -0.10719652E+00  0.00000000E+00  0.00000000E+00  0.00000000E+00
  0.18433792E-01 -0.10295026E-01 -0.53254500E-01  0.00000000E+00  0.00000000E+00  0.00000000E+00
  0.13767233E+00 -0.77653034E-01  0.18210774E+00  0.00000000E+00  0.00000000E+00  0.00000000E+00
 -0.40552921E-01 -0.85768206E-01  0.13438608E+00  0.00000000E+00  0.00000000E+00  0.00000000E+00
  0.11865551E+00  0.66519166E-01 -0.12941436E-01  0.00000000E+00  0.00000000E+00  0.00000000E+00
 -0.12359019E+00 -0.74717833E-02  0.92624549E-01  0.00000000E+00  0.00000000E+00  0.00000000E+00
 -0.20447134E+00  0.36136530E-01 -0.24737773E+00  0.00000000E+00  0.00000000E+00  0.00000000E+00
  0.19982087E+00  0.94657242E-01  0.13504140E+00  0.00000000E+00  0.00000000E+00  0.00000000E+00
 -0.72154361E-01 -0.20793149E+00  0.67756544E-01  0.00000000E+00  0.00000000E+00  0.00000000E+00
  0.19096099E+00  0.45935576E-01  0.15062561E+00  0.00000000E+00  0.00000000E+00  0.00000000E+00
 -0.12357599E+00 -0.57739059E-01 -0.84269512E-01  0.00000000E+00  0.00000000E+00  0.00000000E+00
  0.10377197E+00 -0.22714475E-01  0.66807744E-01  0.00000000E+00  0.00000000E+00  0.00000000E+00
 -0.10614003E+00 -0.22561637E+00  0.14569080E+00  0.00000000E+00  0.00000000E+00  0.00000000E+00
 -0.17205392E+00 -0.17274063E+00  0.37554785E-01  0.00000000E+00  0.00000000E+00  0.00000000E+00
 -0.54428480E-01 -0.17524367E+00  0.93668498E-01  0.00000000E+00  0.00000000E+00  0.00000000E+00
 -0.11476324E+00 -0.22557156E+00  0.21467811E-01  0.00000000E+00  0.00000000E+00  0.00000000E+00
  0.29550892E-01 -0.59738520E-01 -0.24573044E-02  0.00000000E+00  0.00000000E+00  0.00000000E+00
 -0.37542092E-02 -0.23029801E+00  0.14562407E+00  0.00000000E+00  0.00000000E+00  0.00000000E+00
 -0.31863488E-01 -0.18346596E+00  0.60966100E-01  0.00000000E+00  0.00000000E+00  0.00000000E+00
 -0.12399565E+00 -0.16345708E+00  0.72795689E-01  0.00000000E+00  0.00000000E+00  0.00000000E+00
 -0.23363143E+00 -0.41546579E-02 -0.25852136E+00  0.00000000E+00  0.00000000E+00  0.00000000E+00
 -0.62919128E-02  0.13341135E+00 -0.93189328E-01  0.00000000E+00  0.00000000E+00  0.00000000E+00
  0.46195097E-01 -0.70758381E-01 -0.73626545E-01  0.00000000E+00  0.00000000E+00  0.00000000E+00
 -0.40984418E-01 -0.10049200E+00  0.12475664E+00  0.00000000E+00  0.00000000E+00  0.00000000E+00
 -0.20287492E-01  0.95067079E-01  0.97195414E-01  0.00000000E+00  0.00000000E+00  0.00000000E+00
  0.85473246E-01  0.22134156E+00 -0.13942099E+00  0.00000000E+00  0.00000000E+00  0.00000000E+00
 -0.17489135E+00  0.15578315E-01 -0.58055933E-01  0.00000000E+00  0.00000000E+00  0.00000000E+00
  0.22251005E+00  0.30534692E-01  0.24199794E+00  0.00000000E+00  0.00000000E+00  0.00000000E+00
 -0.74878354E-01  0.14190140E+00  0.12329482E-01  0.00000000E+00  0.00000000E+00  0.00000000E+00
 -0.17887460E+00 -0.24433314E+00  0.12085600E+00  0.00000000E+00  0.00000000E+00  0.00000000E+00
 -0.86739296E-01  0.51282752E-01 -0.24003448E+00  0.00000000E+00  0.00000000E+00  0.00000000E+00
  0.96568640E-01  0.15227264E+00 -0.11448655E+00  0.00000000E+00  0.00000000E+00  0.00000000E+00
 -0.94424698E-01 -0.82715185E-01  0.37692866E-02  0.00000000E+00  0.00000000E+00  0.00000000E+00
 -0.31551366E-01 -0.49737851E-01  0.73876402E-01  0.00000000E+00  0.00000000E+00  0.00000000E+00
 -0.97813592E-01 -0.30327241E+00  0.11124823E+00  0.00000000E+00  0.00000000E+00  0.00000000E+00
 -0.29549345E+00  0.31814010E-01 -0.26705886E+00  0.00000000E+00  0.00000000E+00  0.00000000E+00
 -0.69772248E-01 -0.30880178E-01  0.75297849E-02  0.00000000E+00  0.00000000E+00  0.00000000E+00
  0.11002633E-01  0.11174200E+00 -0.22106151E+00  0.00000000E+00  0.00000000E+00  0.00000000E+00
  0.24844489E+00  0.17924565E+00  0.11190274E+00  0.00000000E+00  0.00000000E+00  0.00000000E+00
 -0.24990030E+00 -0.78038875E-01 -0.18415791E+00  0.00000000E+00  0.00000000E+00  0.00000000E+00
 -0.24636821E+00 -0.20974357E-01 -0.15906743E+00  0.00000000E+00  0.00000000E+00  0.00000000E+00
 -0.12557601E+00  0.68750361E-02 -0.74162534E-01  0.00000000E+00  0.00000000E+00  0.00000000E+00
  0.37328097E-02 -0.51251849E-01  0.61574360E-01  0.00000000E+00  0.00000000E+00  0.00000000E+00
 -0.13031993E+00 -0.16721046E+00 -0.59721611E-01  0.00000000E+00  0.00000000E+00  0.00000000E+00
 -0.83349642E-01  0.13414930E+00 -0.13258442E-01  0.00000000E+00  0.00000000E+00  0.00000000E+00
 -0.15220743E+00 -0.60356922E-02 -0.92204474E-01  0.00000000E+00  0.00000000E+00  0.00000000E+00
  0.72020686E-01 -0.19273872E-01  0.52732192E-01  0.00000000E+00  0.00000000E+00  0.00000000E+00
  0.13000190E+00  0.20313821E+00 -0.18757922E+00  0.00000000E+00  0.00000000E+00  0.00000000E+00
 -0.10246132E+00  0.13696587E+00 -0.17407048E+00  0.00000000E+00  0.00000000E+00  0.00000000E+00
  0.88723487E-02 -0.20867257E-02 -0.58430783E-01  0.00000000E+00  0.00000000E+00  0.00000000E+00
  0.15142130E+00  0.11069398E+00 -0.49489698E-01  0.00000000E+00  0.00000000E+00  0.00000000E+00
  0.16196944E-01 -0.10897680E+00 -0.36947535E-01  0.00000000E+00  0.00000000E+00  0.00000000E+00
 -0.36544777E-03 -0.22246345E+00  0.23407885E+00  0.00000000E+00  0.00000000E+00  0.00000000E+00
  0.96261666E-02 -0.39967084E-01  0.13095598E+00  0.00000000E+00  0.00000000E+00  0.00000000E+00
  0.21654565E+00 -0.14619587E-04  0.26098837E+00  0.00000000E+00  0.00000000E+00  0.00000000E+00
  0.22086961E+00  0.34506955E+00 -0.76936654E-01  0.00000000E+00  0.00000000E+00  0.00000000E+00
  0.15008966E+00 -0.78828340E-01 -0.32055016E-01  0.00000000E+00  0.00000000E+00  0.00000000E+00
  0.11399703E+00  0.14531718E+00 -0.74905743E-02  0.00000000E+00  0.00000000E+00  0.00000000E+00
  0.45540753E-01 -0.26907540E+00  0.20810404E+00  0.00000000E+00  0.00000000E+00  0.00000000E+00
 -0.26315821E-01  0.14531760E+00 -0.48110638E-01  0.00000000E+00  0.00000000E+00  0.00000000E+00
  0.19266622E+00  0.84565875E-02  0.13548281E+00  0.00000000E+00  0.00000000E+00  0.00000000E+00
 -0.70854910E-01 -0.12549831E+00  0.13935374E+00  0.00000000E+00  0.00000000E+00  0.00000000E+00
  0.28902109E-01 -0.10674370E+00  0.34011904E-01  0.00000000E+00  0.00000000E+00  0.00000000E+00
  0.14547497E+00  0.16070256E+00  0.47227265E-01  0.00000000E+00  0.00000000E+00  0.00000000E+00
 -0.12250290E+00 -0.57340432E-01 -0.15941118E+00  0.00000000E+00  0.00000000E+00  0.00000000E+00
  0.23069517E+00  0.12893100E+00  0.21059547E+00  0.00000000E+00  0.00000000E+00  0.00000000E+00
 -0.35048105E-01  0.18798365E+00 -0.23069092E+00  0.00000000E+00  0.00000000E+00  0.00000000E+00
  0.11067051E+00 -0.19246528E+00  0.35592783E+00  0.00000000E+00  0.00000000E+00  0.00000000E+00
 -0.15454680E+00 -0.38832137E-01  0.44213573E-01  0.00000000E+00  0.00000000E+00  0.00000000E+00
 -0.20055367E+00 -0.12044033E-01 -0.21761811E+00  0.00000000E+00  0.00000000E+00  0.00000000E+00
 -0.54013298E-01 -0.59500493E-02  0.94378763E-01  0.00000000E+00  0.00000000E+00  0.00000000E+00
  0.13475350E+00  0.16063565E+00 -0.18855987E-01  0.00000000E+00  0.00000000E+00  0.00000000E+00
  0.15910836E+00  0.36491678E-01  0.16137756E-01  0.00000000E+00  0.00000000E+00  0.00000000E+00
  0.27541986E+00  0.16146285E+00  0.28540063E-01  0.00000000E+00  0.00000000E+00  0.00000000E+00
 -0.95087301E-01  0.70895500E-01 -0.14050955E-01  0.00000000E+00  0.00000000E+00  0.00000000E+00
 -0.18947005E+00 -0.16418197E+00  0.14263737E+00  0.00000000E+00  0.00000000E+00  0.00000000E+00
  0.17072348E-01  0.25952308E-01  0.16189269E+00  0.00000000E+00  0.00000000E+00  0.00000000E+00
  0.97226571E-01  0.57109622E-01 -0.11832362E-01  0.00000000E+00  0.00000000E+00  0.00000000E+00
 -0.25959731E+00 -0.17286345E+00 -0.15993502E+00  0.00000000E+00  0.00000000E+00  0.00000000E+00
 -0.74016241E-01  0.21221261E+00 -0.15863201E+00  0.00000000E+00  0.00000000E+00  0.00000000E+00
  0.29665531E+00  0.31065659E+00  0.60791171E-01  0.00000000E+00  0.00000000E+00  0.00000000E+00
 -0.24810691E+00 -0.31013423E+00  0.57444389E-01  0.00000000E+00  0.00000000E+00  0.00000000E+00
